"mod_hex_id","courseID","module.type","desc","L2","L2label","L1","L1label","order","unq_stu","sessions","days","events","totalTime","progress_i","recurse_i","forward_o","backward_o","sl","attempts","points","loads","load_time","plays","play_time","pauses","pause_time","seeks","seek_time","user_id"
"401ee1f6f3684be7b6124490f34adc5a","MITxPRO+AMxB+1T2018","html",NA,"5589ca87f02147ec8452cead30cc4d5f","Entrance Survey (5 min, required)","b9dd2cb6d3a44e96aedb515388e02405","Entrance Survey (5 min, required)",5,1,1,1,2,1.4,0,2,1,1,1,NA,NA,NA,NA,NA,NA,NA,NA,NA,NA,"a959793"
"27bf430c96cb4d8da7368c4697de187b","MITxPRO+AMxB+1T2018","html",NA,"a43d4c2220e245c5bb6ef4649f6813e5","Pre-Assessment (10 min, required)","3237e864a8b44a14b443a0f0a2067c83","Pre-Assessment (10 min, required)",9,1,1,1,3,6.61666666666667,1,2,2,1,1,NA,NA,NA,NA,NA,NA,NA,NA,NA,NA,"a959793"
"0fec97a46b71456d9d9037e5edac7bb0","MITxPRO+AMxB+1T2018","html",NA,"a43d4c2220e245c5bb6ef4649f6813e5","Pre-Assessment (10 min, required)","3237e864a8b44a14b443a0f0a2067c83","Pre-Assessment (10 min, required)",10,0,0,0,0,0,0,0,0,0,0,NA,NA,NA,NA,NA,NA,NA,NA,NA,NA,"a959793"
"9b9fc7fd30954d7d9ad7d8f8e1cc11d8","MITxPRO+AMxB+1T2018","problem","Confirmation","a43d4c2220e245c5bb6ef4649f6813e5","Pre-Assessment (10 min, required)","3237e864a8b44a14b443a0f0a2067c83","Pre-Assessment (10 min, required)",12,1,1,1,5,0.35,2,3,1,4,3,1,1,NA,NA,NA,NA,NA,NA,NA,NA,"a959793"
"04d85100616943f8a3d2b084f403ba5f","MITxPRO+AMxB+1T2018","html",NA,"b4100fe285a442a2ba6de2e94b28642b","Welcome (1 min)","3e2b8f40ac004d56a2e85e503e0e635b","Get Started (25 min)",16,1,1,1,4,1.68333333333333,1,3,3,1,1,NA,NA,NA,NA,NA,NA,NA,NA,NA,NA,"a959793"
"d538c2a9c6004cc3b62a2514ff7d24f5","MITxPRO+AMxB+1T2018","html",NA,"86f2c3ccbdbd4c6fae404600dd5b1c31","Course Schedule (3 min)","3e2b8f40ac004d56a2e85e503e0e635b","Get Started (25 min)",19,1,4,4,8,4.06666666666666,3,5,6,2,1,NA,NA,NA,NA,NA,NA,NA,NA,NA,NA,"a959793"
"8f607acba97e43d5b0426a4cccc4e61f","MITxPRO+AMxB+1T2018","html",NA,"86f2c3ccbdbd4c6fae404600dd5b1c31","Course Schedule (3 min)","3e2b8f40ac004d56a2e85e503e0e635b","Get Started (25 min)",20,0,0,0,0,0,0,0,0,0,0,NA,NA,NA,NA,NA,NA,NA,NA,NA,NA,"a959793"
"ea676035d8d84252b7c2c117a74dfe5d","MITxPRO+AMxB+1T2018","html",NA,"83e51ce161474919a8f63ddbb2279e31","Discussion Forum (5 min)","3e2b8f40ac004d56a2e85e503e0e635b","Get Started (25 min)",23,1,2,2,6,6,3,3,4,2,1,NA,NA,NA,NA,NA,NA,NA,NA,NA,NA,"a959793"
"fdccb644786547c5893474584cdfd58b","MITxPRO+AMxB+1T2018","html",NA,"83e51ce161474919a8f63ddbb2279e31","Discussion Forum (5 min)","3e2b8f40ac004d56a2e85e503e0e635b","Get Started (25 min)",25,1,1,1,3,2.85,2,1,2,1,0,NA,NA,NA,NA,NA,NA,NA,NA,NA,NA,"a959793"
"53e13f644d1f4c73ba7f5bfd8020e71f","MITxPRO+AMxB+1T2018","html","IFrame Tool","bb160d0fff2641898a874eff3944d2b9","Who's in the Course (2 min)","3e2b8f40ac004d56a2e85e503e0e635b","Get Started (25 min)",28,1,1,1,2,0.733333333333333,1,1,1,1,0,NA,NA,NA,NA,NA,NA,NA,NA,NA,NA,"a959793"
"2f6febb9f2514c06827aa6a4bfe1e69d","MITxPRO+AMxB+1T2018","html",NA,"3c6dc4f66afe4ccfa9f314023a14e19e","Who's Teaching This Course (5 min)","3e2b8f40ac004d56a2e85e503e0e635b","Get Started (25 min)",31,1,2,2,5,22.6166666666666,2,3,3,2,1,NA,NA,NA,NA,NA,NA,NA,NA,NA,NA,"a959793"
"44acee2074d5456593cfdab9b680dcab","MITxPRO+AMxB+1T2018","html","Text","3c6dc4f66afe4ccfa9f314023a14e19e","Who's Teaching This Course (5 min)","3e2b8f40ac004d56a2e85e503e0e635b","Get Started (25 min)",32,0,0,0,0,0,0,0,0,0,0,NA,NA,NA,NA,NA,NA,NA,NA,NA,NA,"a959793"
"7e3aba021b714e3180b14422eaf7cacb","MITxPRO+AMxB+1T2018","html","Text","3c6dc4f66afe4ccfa9f314023a14e19e","Who's Teaching This Course (5 min)","3e2b8f40ac004d56a2e85e503e0e635b","Get Started (25 min)",33,0,0,0,0,0,0,0,0,0,0,NA,NA,NA,NA,NA,NA,NA,NA,NA,NA,"a959793"
"f17dc8f749c043d78ae4dfe383e55009","MITxPRO+AMxB+1T2018","html","Text","3c6dc4f66afe4ccfa9f314023a14e19e","Who's Teaching This Course (5 min)","3e2b8f40ac004d56a2e85e503e0e635b","Get Started (25 min)",34,0,0,0,0,0,0,0,0,0,0,NA,NA,NA,NA,NA,NA,NA,NA,NA,NA,"a959793"
"a0077e8aad874abba1a1ec5c20ca947b","MITxPRO+AMxB+1T2018","html","Text","3c6dc4f66afe4ccfa9f314023a14e19e","Who's Teaching This Course (5 min)","3e2b8f40ac004d56a2e85e503e0e635b","Get Started (25 min)",35,0,0,0,0,0,0,0,0,0,0,NA,NA,NA,NA,NA,NA,NA,NA,NA,NA,"a959793"
"7bb3394632054742b3fff216a77b015e","MITxPRO+AMxB+1T2018","html","Text","3c6dc4f66afe4ccfa9f314023a14e19e","Who's Teaching This Course (5 min)","3e2b8f40ac004d56a2e85e503e0e635b","Get Started (25 min)",36,1,1,1,1,0.316666666666667,1,0,1,0,0,NA,NA,NA,NA,NA,NA,NA,NA,NA,NA,"a959793"
"08823b78df0e4a3eb4c35cb2b838dee3","MITxPRO+AMxB+1T2018","html","Text","3c6dc4f66afe4ccfa9f314023a14e19e","Who's Teaching This Course (5 min)","3e2b8f40ac004d56a2e85e503e0e635b","Get Started (25 min)",37,0,0,0,0,0,0,0,0,0,0,NA,NA,NA,NA,NA,NA,NA,NA,NA,NA,"a959793"
"c3c0f88fff1f4523b144a41a6c2dbcd6","MITxPRO+AMxB+1T2018","html","Text","3c6dc4f66afe4ccfa9f314023a14e19e","Who's Teaching This Course (5 min)","3e2b8f40ac004d56a2e85e503e0e635b","Get Started (25 min)",38,0,0,0,0,0,0,0,0,0,0,NA,NA,NA,NA,NA,NA,NA,NA,NA,NA,"a959793"
"3cce707300cc4bb99e13edcd32209318","MITxPRO+AMxB+1T2018","html","Text","3c6dc4f66afe4ccfa9f314023a14e19e","Who's Teaching This Course (5 min)","3e2b8f40ac004d56a2e85e503e0e635b","Get Started (25 min)",39,1,1,1,1,0.316666666666667,0,1,1,0,0,NA,NA,NA,NA,NA,NA,NA,NA,NA,NA,"a959793"
"089719b517f043f5b39636578e7ee001","MITxPRO+AMxB+1T2018","html",NA,"3c6dc4f66afe4ccfa9f314023a14e19e","Who's Teaching This Course (5 min)","3e2b8f40ac004d56a2e85e503e0e635b","Get Started (25 min)",40,0,0,0,0,0,0,0,0,0,0,NA,NA,NA,NA,NA,NA,NA,NA,NA,NA,"a959793"
"a67e937f9f1941a9bb6052316e2f2fc4","MITxPRO+AMxB+1T2018","html","Text","3c6dc4f66afe4ccfa9f314023a14e19e","Who's Teaching This Course (5 min)","3e2b8f40ac004d56a2e85e503e0e635b","Get Started (25 min)",42,1,2,2,4,1.66666666666667,4,0,4,0,0,NA,NA,NA,NA,NA,NA,NA,NA,NA,NA,"a959793"
"2349ef7ca9ce436caad6190a30656821","MITxPRO+AMxB+1T2018","html",NA,"3c6dc4f66afe4ccfa9f314023a14e19e","Who's Teaching This Course (5 min)","3e2b8f40ac004d56a2e85e503e0e635b","Get Started (25 min)",43,0,0,0,0,0,0,0,0,0,0,NA,NA,NA,NA,NA,NA,NA,NA,NA,NA,"a959793"
"5e49b3b1846c46a188f097e6520c706a","MITxPRO+AMxB+1T2018","html","Text","3c6dc4f66afe4ccfa9f314023a14e19e","Who's Teaching This Course (5 min)","3e2b8f40ac004d56a2e85e503e0e635b","Get Started (25 min)",44,0,0,0,0,0,0,0,0,0,0,NA,NA,NA,NA,NA,NA,NA,NA,NA,NA,"a959793"
"2a112bc1a1e048129e8e68e170e39248","MITxPRO+AMxB+1T2018","html","Text","3c6dc4f66afe4ccfa9f314023a14e19e","Who's Teaching This Course (5 min)","3e2b8f40ac004d56a2e85e503e0e635b","Get Started (25 min)",45,0,0,0,0,0,0,0,0,0,0,NA,NA,NA,NA,NA,NA,NA,NA,NA,NA,"a959793"
"7c052992ccd9437b9b017f4a234bb68c","MITxPRO+AMxB+1T2018","html","Text","3c6dc4f66afe4ccfa9f314023a14e19e","Who's Teaching This Course (5 min)","3e2b8f40ac004d56a2e85e503e0e635b","Get Started (25 min)",46,0,0,0,0,0,0,0,0,0,0,NA,NA,NA,NA,NA,NA,NA,NA,NA,NA,"a959793"
"3bb9151bb02b44c1ab2befefde55671a","MITxPRO+AMxB+1T2018","html","Text","3c6dc4f66afe4ccfa9f314023a14e19e","Who's Teaching This Course (5 min)","3e2b8f40ac004d56a2e85e503e0e635b","Get Started (25 min)",47,0,0,0,0,0,0,0,0,0,0,NA,NA,NA,NA,NA,NA,NA,NA,NA,NA,"a959793"
"918870b390684763bcf0b9c3378c6996","MITxPRO+AMxB+1T2018","html","Text","3c6dc4f66afe4ccfa9f314023a14e19e","Who's Teaching This Course (5 min)","3e2b8f40ac004d56a2e85e503e0e635b","Get Started (25 min)",48,0,0,0,0,0,0,0,0,0,0,NA,NA,NA,NA,NA,NA,NA,NA,NA,NA,"a959793"
"e42dc56d1f8d46ef902e3d38a93e0324","MITxPRO+AMxB+1T2018","html",NA,"3c6dc4f66afe4ccfa9f314023a14e19e","Who's Teaching This Course (5 min)","3e2b8f40ac004d56a2e85e503e0e635b","Get Started (25 min)",50,1,1,1,2,2.93333333333333,2,0,2,0,0,NA,NA,NA,NA,NA,NA,NA,NA,NA,NA,"a959793"
"63ef1fedf15b403ca346c0f4fdc8f5f0","MITxPRO+AMxB+1T2018","html",NA,"3c6dc4f66afe4ccfa9f314023a14e19e","Who's Teaching This Course (5 min)","3e2b8f40ac004d56a2e85e503e0e635b","Get Started (25 min)",51,0,0,0,0,0,0,0,0,0,0,NA,NA,NA,NA,NA,NA,NA,NA,NA,NA,"a959793"
"2e1dcff64f8741438099a3b28ba6c42d","MITxPRO+AMxB+1T2018","html","Text","3c6dc4f66afe4ccfa9f314023a14e19e","Who's Teaching This Course (5 min)","3e2b8f40ac004d56a2e85e503e0e635b","Get Started (25 min)",53,1,2,1,9,21.7,4,5,7,2,2,NA,NA,NA,NA,NA,NA,NA,NA,NA,NA,"a959793"
"c140d98e51f54581a920893152b0f146","MITxPRO+AMxB+1T2018","html","Text","3c6dc4f66afe4ccfa9f314023a14e19e","Who's Teaching This Course (5 min)","3e2b8f40ac004d56a2e85e503e0e635b","Get Started (25 min)",54,0,0,0,0,0,0,0,0,0,0,NA,NA,NA,NA,NA,NA,NA,NA,NA,NA,"a959793"
"25021407d2a44c0fa46f4da39b61fe4f","MITxPRO+AMxB+1T2018","html","Text","3c6dc4f66afe4ccfa9f314023a14e19e","Who's Teaching This Course (5 min)","3e2b8f40ac004d56a2e85e503e0e635b","Get Started (25 min)",55,0,0,0,0,0,0,0,0,0,0,NA,NA,NA,NA,NA,NA,NA,NA,NA,NA,"a959793"
"b2b776cf636d43d6aa8a52e423152e95","MITxPRO+AMxB+1T2018","html","Text","3c6dc4f66afe4ccfa9f314023a14e19e","Who's Teaching This Course (5 min)","3e2b8f40ac004d56a2e85e503e0e635b","Get Started (25 min)",56,0,0,0,0,0,0,0,0,0,0,NA,NA,NA,NA,NA,NA,NA,NA,NA,NA,"a959793"
"e1ff89042b1e4cadb4f35e7242eaa6fb","MITxPRO+AMxB+1T2018","html","Text","3c6dc4f66afe4ccfa9f314023a14e19e","Who's Teaching This Course (5 min)","3e2b8f40ac004d56a2e85e503e0e635b","Get Started (25 min)",57,0,0,0,0,0,0,0,0,0,0,NA,NA,NA,NA,NA,NA,NA,NA,NA,NA,"a959793"
"d2dbdeb207154c9ea7d8352623a66120","MITxPRO+AMxB+1T2018","html","Text","3c6dc4f66afe4ccfa9f314023a14e19e","Who's Teaching This Course (5 min)","3e2b8f40ac004d56a2e85e503e0e635b","Get Started (25 min)",58,0,0,0,0,0,0,0,0,0,0,NA,NA,NA,NA,NA,NA,NA,NA,NA,NA,"a959793"
"31c64d65a2a64134a5c3d04a58fea33d","MITxPRO+AMxB+1T2018","html","Text","3c6dc4f66afe4ccfa9f314023a14e19e","Who's Teaching This Course (5 min)","3e2b8f40ac004d56a2e85e503e0e635b","Get Started (25 min)",59,0,0,0,0,0,0,0,0,0,0,NA,NA,NA,NA,NA,NA,NA,NA,NA,NA,"a959793"
"15f09ebf2d5a45c092b05b8bd0cd7eca","MITxPRO+AMxB+1T2018","html","Text","3c6dc4f66afe4ccfa9f314023a14e19e","Who's Teaching This Course (5 min)","3e2b8f40ac004d56a2e85e503e0e635b","Get Started (25 min)",60,0,0,0,0,0,0,0,0,0,0,NA,NA,NA,NA,NA,NA,NA,NA,NA,NA,"a959793"
"8357d3333918468189fd75d0c4a4efea","MITxPRO+AMxB+1T2018","html","Text","3c6dc4f66afe4ccfa9f314023a14e19e","Who's Teaching This Course (5 min)","3e2b8f40ac004d56a2e85e503e0e635b","Get Started (25 min)",61,0,0,0,0,0,0,0,0,0,0,NA,NA,NA,NA,NA,NA,NA,NA,NA,NA,"a959793"
"2c1571ccf4ea48f190dede924d64978a","MITxPRO+AMxB+1T2018","html","Text","3c6dc4f66afe4ccfa9f314023a14e19e","Who's Teaching This Course (5 min)","3e2b8f40ac004d56a2e85e503e0e635b","Get Started (25 min)",62,0,0,0,0,0,0,0,0,0,0,NA,NA,NA,NA,NA,NA,NA,NA,NA,NA,"a959793"
"1b1d901e57774ed4aac7ad952c9bb03d","MITxPRO+AMxB+1T2018","html","Text","3c6dc4f66afe4ccfa9f314023a14e19e","Who's Teaching This Course (5 min)","3e2b8f40ac004d56a2e85e503e0e635b","Get Started (25 min)",63,0,0,0,0,0,0,0,0,0,0,NA,NA,NA,NA,NA,NA,NA,NA,NA,NA,"a959793"
"1a49b1a14dc74ea4a854a58957a1ff70","MITxPRO+AMxB+1T2018","html","Text","3c6dc4f66afe4ccfa9f314023a14e19e","Who's Teaching This Course (5 min)","3e2b8f40ac004d56a2e85e503e0e635b","Get Started (25 min)",64,0,0,0,0,0,0,0,0,0,0,NA,NA,NA,NA,NA,NA,NA,NA,NA,NA,"a959793"
"2e3b229ed3c6436dbb293d0bede84f69","MITxPRO+AMxB+1T2018","html","Text","3c6dc4f66afe4ccfa9f314023a14e19e","Who's Teaching This Course (5 min)","3e2b8f40ac004d56a2e85e503e0e635b","Get Started (25 min)",65,0,0,0,0,0,0,0,0,0,0,NA,NA,NA,NA,NA,NA,NA,NA,NA,NA,"a959793"
"900887df98e3499f8fd3ca09e1e84d3a","MITxPRO+AMxB+1T2018","html","Text","3c6dc4f66afe4ccfa9f314023a14e19e","Who's Teaching This Course (5 min)","3e2b8f40ac004d56a2e85e503e0e635b","Get Started (25 min)",67,0,0,0,0,0,0,0,0,0,0,NA,NA,NA,NA,NA,NA,NA,NA,NA,NA,"a959793"
"5769eefe272745138fb9673656879d27","MITxPRO+AMxB+1T2018","html","Text","3c6dc4f66afe4ccfa9f314023a14e19e","Who's Teaching This Course (5 min)","3e2b8f40ac004d56a2e85e503e0e635b","Get Started (25 min)",68,0,0,0,0,0,0,0,0,0,0,NA,NA,NA,NA,NA,NA,NA,NA,NA,NA,"a959793"
"8e1e4a26d798445eb4f2208dbbe4c304","MITxPRO+AMxB+1T2018","html","Text","3c6dc4f66afe4ccfa9f314023a14e19e","Who's Teaching This Course (5 min)","3e2b8f40ac004d56a2e85e503e0e635b","Get Started (25 min)",69,0,0,0,0,0,0,0,0,0,0,NA,NA,NA,NA,NA,NA,NA,NA,NA,NA,"a959793"
"c26a191d2d854bc08f0bb2d00bddf949","MITxPRO+AMxB+1T2018","html","Text","3c6dc4f66afe4ccfa9f314023a14e19e","Who's Teaching This Course (5 min)","3e2b8f40ac004d56a2e85e503e0e635b","Get Started (25 min)",70,0,0,0,0,0,0,0,0,0,0,NA,NA,NA,NA,NA,NA,NA,NA,NA,NA,"a959793"
"25a124a430454bd69482e68f5986c640","MITxPRO+AMxB+1T2018","html","Text","3c6dc4f66afe4ccfa9f314023a14e19e","Who's Teaching This Course (5 min)","3e2b8f40ac004d56a2e85e503e0e635b","Get Started (25 min)",71,0,0,0,0,0,0,0,0,0,0,NA,NA,NA,NA,NA,NA,NA,NA,NA,NA,"a959793"
"7b686383e2454b26ae0a0ba10b69e06c","MITxPRO+AMxB+1T2018","html","Text","3c6dc4f66afe4ccfa9f314023a14e19e","Who's Teaching This Course (5 min)","3e2b8f40ac004d56a2e85e503e0e635b","Get Started (25 min)",72,0,0,0,0,0,0,0,0,0,0,NA,NA,NA,NA,NA,NA,NA,NA,NA,NA,"a959793"
"b51078e21eba44668c93e67fe7da4a5d","MITxPRO+AMxB+1T2018","html","Text","3c6dc4f66afe4ccfa9f314023a14e19e","Who's Teaching This Course (5 min)","3e2b8f40ac004d56a2e85e503e0e635b","Get Started (25 min)",73,0,0,0,0,0,0,0,0,0,0,NA,NA,NA,NA,NA,NA,NA,NA,NA,NA,"a959793"
"15e0176049e845beb8ac349ecf13d64c","MITxPRO+AMxB+1T2018","html","Text","3c6dc4f66afe4ccfa9f314023a14e19e","Who's Teaching This Course (5 min)","3e2b8f40ac004d56a2e85e503e0e635b","Get Started (25 min)",74,0,0,0,0,0,0,0,0,0,0,NA,NA,NA,NA,NA,NA,NA,NA,NA,NA,"a959793"
"8b07dde95c5549ebbfa523a622a8e25c","MITxPRO+AMxB+1T2018","html","Text","3c6dc4f66afe4ccfa9f314023a14e19e","Who's Teaching This Course (5 min)","3e2b8f40ac004d56a2e85e503e0e635b","Get Started (25 min)",75,0,0,0,0,0,0,0,0,0,0,NA,NA,NA,NA,NA,NA,NA,NA,NA,NA,"a959793"
"b23733f5ccd245ed94abb5c5be18c527","MITxPRO+AMxB+1T2018","html","Text","3c6dc4f66afe4ccfa9f314023a14e19e","Who's Teaching This Course (5 min)","3e2b8f40ac004d56a2e85e503e0e635b","Get Started (25 min)",76,0,0,0,0,0,0,0,0,0,0,NA,NA,NA,NA,NA,NA,NA,NA,NA,NA,"a959793"
"1e0eba50184b4098912c35d9442fc4c7","MITxPRO+AMxB+1T2018","html","Text","3c6dc4f66afe4ccfa9f314023a14e19e","Who's Teaching This Course (5 min)","3e2b8f40ac004d56a2e85e503e0e635b","Get Started (25 min)",77,0,0,0,0,0,0,0,0,0,0,NA,NA,NA,NA,NA,NA,NA,NA,NA,NA,"a959793"
"5ff13db63251443ab80c02b58c0b485f","MITxPRO+AMxB+1T2018","html","Text","3c6dc4f66afe4ccfa9f314023a14e19e","Who's Teaching This Course (5 min)","3e2b8f40ac004d56a2e85e503e0e635b","Get Started (25 min)",78,0,0,0,0,0,0,0,0,0,0,NA,NA,NA,NA,NA,NA,NA,NA,NA,NA,"a959793"
"c5bda766147d4384a2ffeb98f2156679","MITxPRO+AMxB+1T2018","html","Text","3c6dc4f66afe4ccfa9f314023a14e19e","Who's Teaching This Course (5 min)","3e2b8f40ac004d56a2e85e503e0e635b","Get Started (25 min)",79,0,0,0,0,0,0,0,0,0,0,NA,NA,NA,NA,NA,NA,NA,NA,NA,NA,"a959793"
"e5ccaa6343884bf8a982b312206d099b","MITxPRO+AMxB+1T2018","html","TEXT","3c6dc4f66afe4ccfa9f314023a14e19e","Who's Teaching This Course (5 min)","3e2b8f40ac004d56a2e85e503e0e635b","Get Started (25 min)",80,0,0,0,0,0,0,0,0,0,0,NA,NA,NA,NA,NA,NA,NA,NA,NA,NA,"a959793"
"620b2b987e224746bcabaf23c62d77e9","MITxPRO+AMxB+1T2018","html",NA,"3c6dc4f66afe4ccfa9f314023a14e19e","Who's Teaching This Course (5 min)","3e2b8f40ac004d56a2e85e503e0e635b","Get Started (25 min)",81,0,0,0,0,0,0,0,0,0,0,NA,NA,NA,NA,NA,NA,NA,NA,NA,NA,"a959793"
"c082eaa9c06548149a3c78284864b030","MITxPRO+AMxB+1T2018","html","Text","3c6dc4f66afe4ccfa9f314023a14e19e","Who's Teaching This Course (5 min)","3e2b8f40ac004d56a2e85e503e0e635b","Get Started (25 min)",82,0,0,0,0,0,0,0,0,0,0,NA,NA,NA,NA,NA,NA,NA,NA,NA,NA,"a959793"
"2fd34d2845b4497d8b01df1e609c7a6d","MITxPRO+AMxB+1T2018","html","Text","3c6dc4f66afe4ccfa9f314023a14e19e","Who's Teaching This Course (5 min)","3e2b8f40ac004d56a2e85e503e0e635b","Get Started (25 min)",83,0,0,0,0,0,0,0,0,0,0,NA,NA,NA,NA,NA,NA,NA,NA,NA,NA,"a959793"
"b54b3276058d446d9172bb4935fd58be","MITxPRO+AMxB+1T2018","html","Text","3c6dc4f66afe4ccfa9f314023a14e19e","Who's Teaching This Course (5 min)","3e2b8f40ac004d56a2e85e503e0e635b","Get Started (25 min)",84,0,0,0,0,0,0,0,0,0,0,NA,NA,NA,NA,NA,NA,NA,NA,NA,NA,"a959793"
"5bdb6e60ab5c477f9244243bacb6c984","MITxPRO+AMxB+1T2018","html",NA,"965d9e9525d84042a6c168b736358bf1","Grading and Completion Criteria (1 min)","3e2b8f40ac004d56a2e85e503e0e635b","Get Started (25 min)",87,1,3,2,8,2.98333333333333,5,3,3,5,1,NA,NA,NA,NA,NA,NA,NA,NA,NA,NA,"a959793"
"9c375fe94f4a47fb8074dc6870cf8820","MITxPRO+AMxB+1T2018","html",NA,"965d9e9525d84042a6c168b736358bf1","Grading and Completion Criteria (1 min)","3e2b8f40ac004d56a2e85e503e0e635b","Get Started (25 min)",89,1,2,1,4,0.45,2,2,3,1,1,NA,NA,NA,NA,NA,NA,NA,NA,NA,NA,"a959793"
"20c18c18d1424607bd03030afc0dabc9","MITxPRO+AMxB+1T2018","html",NA,"c687d4eadd1a40429c5a9c406eafa338","Certificate Information and CEUs (1 min)","3e2b8f40ac004d56a2e85e503e0e635b","Get Started (25 min)",92,1,2,1,4,0.266666666666667,3,1,2,2,1,NA,NA,NA,NA,NA,NA,NA,NA,NA,NA,"a959793"
"fe15037ed0db47ee8afde8f7847b94e6","MITxPRO+AMxB+1T2018","html",NA,"51ccc0a216aa4e4f92df84358ace2458","Learning Objectives and Pedagogy (2 min)","3e2b8f40ac004d56a2e85e503e0e635b","Get Started (25 min)",95,1,5,3,8,11.225,3,5,3,5,4,NA,NA,NA,NA,NA,NA,NA,NA,NA,NA,"a959793"
"f152314aca7a42a9a2e4d5ef6086c76e","MITxPRO+AMxB+1T2018","html",NA,"51ccc0a216aa4e4f92df84358ace2458","Learning Objectives and Pedagogy (2 min)","3e2b8f40ac004d56a2e85e503e0e635b","Get Started (25 min)",97,1,2,1,4,14.4166666666667,2,2,4,0,0,NA,NA,NA,NA,NA,NA,NA,NA,NA,NA,"a959793"
"2c91f40c1d484adbbe41b43c1dd57fce","MITxPRO+AMxB+1T2018","html",NA,"35fed104d4f44f1fa7404ccabf83780c","Academic Integrity and Rules of Conduct (1 min)","3e2b8f40ac004d56a2e85e503e0e635b","Get Started (25 min)",100,1,2,1,4,0.0166666666666667,4,0,2,2,0,NA,NA,NA,NA,NA,NA,NA,NA,NA,NA,"a959793"
"2060d250adb14c9eb7e7957c563678f0","MITxPRO+AMxB+1T2018","html",NA,"51d8961f3459426bbe27955dccbbf550","Disclaimer (1 min)","3e2b8f40ac004d56a2e85e503e0e635b","Get Started (25 min)",103,1,2,1,3,1.41666666666667,2,1,1,2,1,NA,NA,NA,NA,NA,NA,NA,NA,NA,NA,"a959793"
"2bd1769f30ce460b8cf38f3b71207d38","MITxPRO+AMxB+1T2018","html",NA,"9877b30dba0d4f6dac79221dead81e77","Foundations of Additive Manufacturing (5 min)","e78489e9108148f8aeb72d12bdded398","Week 1: Introduction to Additive Manufacturing (3 hrs)",107,1,1,1,3,1.36666666666667,2,1,2,1,0,NA,NA,NA,NA,NA,NA,NA,NA,NA,NA,"a959793"
"b18bcca1d2984ccca2bbab4c41e85de5","MITxPRO+AMxB+1T2018","video","Foundations of Additive Manufacturing","9877b30dba0d4f6dac79221dead81e77","Foundations of Additive Manufacturing (5 min)","e78489e9108148f8aeb72d12bdded398","Week 1: Introduction to Additive Manufacturing (3 hrs)",108,1,1,1,20,13.3333333333333,1,19,1,19,19,NA,NA,NA,NA,10,5.81666666666667,9,7.25,NA,NA,"a959793"
"4d62865512bb40568e055a38622db441","MITxPRO+AMxB+1T2018","html",NA,"9877b30dba0d4f6dac79221dead81e77","Foundations of Additive Manufacturing (5 min)","e78489e9108148f8aeb72d12bdded398","Week 1: Introduction to Additive Manufacturing (3 hrs)",109,0,0,0,0,0,0,0,0,0,0,NA,NA,NA,NA,NA,NA,NA,NA,NA,NA,"a959793"
"7450b070eb784ee9a9e597d1e0880de2","MITxPRO+AMxB+1T2018","html",NA,"9877b30dba0d4f6dac79221dead81e77","Foundations of Additive Manufacturing (5 min)","e78489e9108148f8aeb72d12bdded398","Week 1: Introduction to Additive Manufacturing (3 hrs)",110,0,0,0,0,0,0,0,0,0,0,NA,NA,NA,NA,NA,NA,NA,NA,NA,NA,"a959793"
"3763b9f526ae44f2ac2ac49749c15661","MITxPRO+AMxB+1T2018","html",NA,"8cd1733a33b042358025e4bcd8d2c918","Defining Additive Manufacturing (10 min)","e78489e9108148f8aeb72d12bdded398","Week 1: Introduction to Additive Manufacturing (3 hrs)",113,1,2,2,4,2.35,2,2,2,2,1,NA,NA,NA,NA,NA,NA,NA,NA,NA,NA,"a959793"
"b10ef23438f9466882d17e3f0abd0149","MITxPRO+AMxB+1T2018","video","Defining Additive Manufacturing ","8cd1733a33b042358025e4bcd8d2c918","Defining Additive Manufacturing (10 min)","e78489e9108148f8aeb72d12bdded398","Week 1: Introduction to Additive Manufacturing (3 hrs)",114,1,1,1,14,14.7666666666667,1,13,1,13,13,NA,NA,NA,NA,7,3.81666666666667,6,6.68333333333333,NA,NA,"a959793"
"c7a622c4d84241c595bc384162598ed1","MITxPRO+AMxB+1T2018","html",NA,"8cd1733a33b042358025e4bcd8d2c918","Defining Additive Manufacturing (10 min)","e78489e9108148f8aeb72d12bdded398","Week 1: Introduction to Additive Manufacturing (3 hrs)",115,0,0,0,0,0,0,0,0,0,0,NA,NA,NA,NA,NA,NA,NA,NA,NA,NA,"a959793"
"a137964dcca34365ba31a7563531e07b","MITxPRO+AMxB+1T2018","problem","Question #1","8cd1733a33b042358025e4bcd8d2c918","Defining Additive Manufacturing (10 min)","e78489e9108148f8aeb72d12bdded398","Week 1: Introduction to Additive Manufacturing (3 hrs)",116,1,1,1,3,0.866666666666667,1,2,1,2,2,1,1,NA,NA,NA,NA,NA,NA,NA,NA,"a959793"
"5b7be604e0a24022b6e4c88a2391e099","MITxPRO+AMxB+1T2018","html",NA,"8cd1733a33b042358025e4bcd8d2c918","Defining Additive Manufacturing (10 min)","e78489e9108148f8aeb72d12bdded398","Week 1: Introduction to Additive Manufacturing (3 hrs)",117,0,0,0,0,0,0,0,0,0,0,NA,NA,NA,NA,NA,NA,NA,NA,NA,NA,"a959793"
"5fa68b182e974d6b82927d21dd4e4f9a","MITxPRO+AMxB+1T2018","problem","Question #2","8cd1733a33b042358025e4bcd8d2c918","Defining Additive Manufacturing (10 min)","e78489e9108148f8aeb72d12bdded398","Week 1: Introduction to Additive Manufacturing (3 hrs)",118,1,1,1,3,0.05,1,2,1,2,2,1,1,NA,NA,NA,NA,NA,NA,NA,NA,"a959793"
"b0a012fae6fe4eb0af63473d516476b7","MITxPRO+AMxB+1T2018","problem","Question #3","8cd1733a33b042358025e4bcd8d2c918","Defining Additive Manufacturing (10 min)","e78489e9108148f8aeb72d12bdded398","Week 1: Introduction to Additive Manufacturing (3 hrs)",119,1,1,1,3,0.0333333333333333,1,2,1,2,2,1,1,NA,NA,NA,NA,NA,NA,NA,NA,"a959793"
"4be29d7cb0e4400887b4848365b47a4d","MITxPRO+AMxB+1T2018","problem","Question #4","8cd1733a33b042358025e4bcd8d2c918","Defining Additive Manufacturing (10 min)","e78489e9108148f8aeb72d12bdded398","Week 1: Introduction to Additive Manufacturing (3 hrs)",120,1,1,1,3,0.0666666666666667,1,2,1,2,2,1,1,NA,NA,NA,NA,NA,NA,NA,NA,"a959793"
"8288c793632d4a81a50ef5e13bf8911c","MITxPRO+AMxB+1T2018","problem","Question #5","8cd1733a33b042358025e4bcd8d2c918","Defining Additive Manufacturing (10 min)","e78489e9108148f8aeb72d12bdded398","Week 1: Introduction to Additive Manufacturing (3 hrs)",121,1,1,1,3,0.05,1,2,1,2,2,1,1,NA,NA,NA,NA,NA,NA,NA,NA,"a959793"
"083e170a98cc47909270dde338cffbff","MITxPRO+AMxB+1T2018","problem","Question #6","8cd1733a33b042358025e4bcd8d2c918","Defining Additive Manufacturing (10 min)","e78489e9108148f8aeb72d12bdded398","Week 1: Introduction to Additive Manufacturing (3 hrs)",122,1,1,1,7,0.2,1,6,1,6,6,2,1,NA,NA,NA,NA,NA,NA,NA,NA,"a959793"
"043d02d4e89541cdb2c73ca0d2eca377","MITxPRO+AMxB+1T2018","html",NA,"d48f31de5fec40e7aabaf8564db7f63c","The Importance of Additive Manufacturing (15 min)","e78489e9108148f8aeb72d12bdded398","Week 1: Introduction to Additive Manufacturing (3 hrs)",125,1,3,3,6,2.36666666666666,3,3,4,2,1,NA,NA,NA,NA,NA,NA,NA,NA,NA,NA,"a959793"
"1ee01257a4174216a0bf6d64ad67decf","MITxPRO+AMxB+1T2018","video","The Importance of AM","d48f31de5fec40e7aabaf8564db7f63c","The Importance of Additive Manufacturing (15 min)","e78489e9108148f8aeb72d12bdded398","Week 1: Introduction to Additive Manufacturing (3 hrs)",126,1,1,1,15,17.6333333333333,1,14,1,14,14,NA,NA,NA,NA,7,8.68333333333334,6,8.75,1,0.05,"a959793"
"091e476b9c794d019c1660622a3a12f6","MITxPRO+AMxB+1T2018","problem","Question #1","d48f31de5fec40e7aabaf8564db7f63c","The Importance of Additive Manufacturing (15 min)","e78489e9108148f8aeb72d12bdded398","Week 1: Introduction to Additive Manufacturing (3 hrs)",127,1,1,1,3,0.383333333333334,1,2,1,2,2,1,1,NA,NA,NA,NA,NA,NA,NA,NA,"a959793"
"d4f85f1570bf4ced82ef64cab4fa68f4","MITxPRO+AMxB+1T2018","problem","Question #2","d48f31de5fec40e7aabaf8564db7f63c","The Importance of Additive Manufacturing (15 min)","e78489e9108148f8aeb72d12bdded398","Week 1: Introduction to Additive Manufacturing (3 hrs)",128,1,1,1,3,6.56666666666667,1,2,1,2,2,1,1,NA,NA,NA,NA,NA,NA,NA,NA,"a959793"
"b4e40f400718476dad4c66477ccb68d0","MITxPRO+AMxB+1T2018","html",NA,"d48f31de5fec40e7aabaf8564db7f63c","The Importance of Additive Manufacturing (15 min)","e78489e9108148f8aeb72d12bdded398","Week 1: Introduction to Additive Manufacturing (3 hrs)",129,0,0,0,0,0,0,0,0,0,0,NA,NA,NA,NA,NA,NA,NA,NA,NA,NA,"a959793"
"ca856b87daac457ab8b54e03644f4264","MITxPRO+AMxB+1T2018","problem","Question #3: Aerospace Bracket","d48f31de5fec40e7aabaf8564db7f63c","The Importance of Additive Manufacturing (15 min)","e78489e9108148f8aeb72d12bdded398","Week 1: Introduction to Additive Manufacturing (3 hrs)",130,1,1,1,6,1.18333333333333,1,5,1,5,5,2,1,NA,NA,NA,NA,NA,NA,NA,NA,"a959793"
"f0d9ed3b227a456f85ef40f79f56e546","MITxPRO+AMxB+1T2018","problem","Question #4: Knee Implant","d48f31de5fec40e7aabaf8564db7f63c","The Importance of Additive Manufacturing (15 min)","e78489e9108148f8aeb72d12bdded398","Week 1: Introduction to Additive Manufacturing (3 hrs)",131,1,1,1,3,0.533333333333333,1,2,1,2,2,1,1,NA,NA,NA,NA,NA,NA,NA,NA,"a959793"
"d59550403f9b49628189ff34f74d3b3d","MITxPRO+AMxB+1T2018","problem","Question #5: Orthodontic Aligner","d48f31de5fec40e7aabaf8564db7f63c","The Importance of Additive Manufacturing (15 min)","e78489e9108148f8aeb72d12bdded398","Week 1: Introduction to Additive Manufacturing (3 hrs)",132,1,2,2,8,11.7666666666667,2,6,1,7,6,2,0,NA,NA,NA,NA,NA,NA,NA,NA,"a959793"
"432e2e03af924d10b164b60c5fcb86a1","MITxPRO+AMxB+1T2018","problem","Question #6: Performance Running Shoe","d48f31de5fec40e7aabaf8564db7f63c","The Importance of Additive Manufacturing (15 min)","e78489e9108148f8aeb72d12bdded398","Week 1: Introduction to Additive Manufacturing (3 hrs)",133,1,1,1,3,2.51666666666667,1,2,0,3,2,1,1,NA,NA,NA,NA,NA,NA,NA,NA,"a959793"
"5fe15241fc4840f1a7fb294182265c39","MITxPRO+AMxB+1T2018","html",NA,"74c65c7660364359a8b91c98e763e93b","The Additive Manufacturing Industry (25 min)","e78489e9108148f8aeb72d12bdded398","Week 1: Introduction to Additive Manufacturing (3 hrs)",136,1,1,1,6,2.8,3,3,3,3,1,NA,NA,NA,NA,NA,NA,NA,NA,NA,NA,"a959793"
"f3cfda7ffa804facb0183da6497283a6","MITxPRO+AMxB+1T2018","video","The Additive Manufacturing Industry","74c65c7660364359a8b91c98e763e93b","The Additive Manufacturing Industry (25 min)","e78489e9108148f8aeb72d12bdded398","Week 1: Introduction to Additive Manufacturing (3 hrs)",137,1,1,1,10,19.5166666666666,1,9,1,9,9,NA,NA,NA,NA,5,5.83333333333333,4,1.4,NA,NA,"a959793"
"d457def4b5744eda84b61b030ba37c4d","MITxPRO+AMxB+1T2018","html",NA,"74c65c7660364359a8b91c98e763e93b","The Additive Manufacturing Industry (25 min)","e78489e9108148f8aeb72d12bdded398","Week 1: Introduction to Additive Manufacturing (3 hrs)",138,0,0,0,0,0,0,0,0,0,0,NA,NA,NA,NA,NA,NA,NA,NA,NA,NA,"a959793"
"54ce11d3d7d146868c49330c5988da72","MITxPRO+AMxB+1T2018","html",NA,"74c65c7660364359a8b91c98e763e93b","The Additive Manufacturing Industry (25 min)","e78489e9108148f8aeb72d12bdded398","Week 1: Introduction to Additive Manufacturing (3 hrs)",139,0,0,0,0,0,0,0,0,0,0,NA,NA,NA,NA,NA,NA,NA,NA,NA,NA,"a959793"
"391baeed712c4a22b2cf24c3862ebd70","MITxPRO+AMxB+1T2018","discussion","Where do you see the greatest opportunities for mass production using AM?","74c65c7660364359a8b91c98e763e93b","The Additive Manufacturing Industry (25 min)","e78489e9108148f8aeb72d12bdded398","Week 1: Introduction to Additive Manufacturing (3 hrs)",140,0,0,0,0,0,0,0,0,0,0,NA,NA,NA,NA,NA,NA,NA,NA,NA,NA,"a959793"
"4ccb45d574ff4f8eb16c6909f28f2925","MITxPRO+AMxB+1T2018","discussion","Can you think of another potential customized product that AM would enable?","74c65c7660364359a8b91c98e763e93b","The Additive Manufacturing Industry (25 min)","e78489e9108148f8aeb72d12bdded398","Week 1: Introduction to Additive Manufacturing (3 hrs)",141,0,0,0,0,0,0,0,0,0,0,NA,NA,NA,NA,NA,NA,NA,NA,NA,NA,"a959793"
"a2df8dacf5ba431998391eab736836e7","MITxPRO+AMxB+1T2018","discussion","What other expertise do you hope to connect with throughout this course to enhance your knowledge of the applications and potential of AM?","74c65c7660364359a8b91c98e763e93b","The Additive Manufacturing Industry (25 min)","e78489e9108148f8aeb72d12bdded398","Week 1: Introduction to Additive Manufacturing (3 hrs)",142,0,0,0,0,0,0,0,0,0,0,NA,NA,NA,NA,NA,NA,NA,NA,NA,NA,"a959793"
"1afa468dc7ce4b91a590366c2a697707","MITxPRO+AMxB+1T2018","html","Text","74c65c7660364359a8b91c98e763e93b","The Additive Manufacturing Industry (25 min)","e78489e9108148f8aeb72d12bdded398","Week 1: Introduction to Additive Manufacturing (3 hrs)",144,1,2,2,6,1.7,4,2,4,2,1,NA,NA,NA,NA,NA,NA,NA,NA,NA,NA,"a959793"
"c69e8c4f31b84da1819bfbd83719e7d2","MITxPRO+AMxB+1T2018","problem","Question #1","74c65c7660364359a8b91c98e763e93b","The Additive Manufacturing Industry (25 min)","e78489e9108148f8aeb72d12bdded398","Week 1: Introduction to Additive Manufacturing (3 hrs)",145,1,1,1,3,0.3,0,3,0,3,2,1,1,NA,NA,NA,NA,NA,NA,NA,NA,"a959793"
"b30f0577ae11446a85aff7721bcfcf2f","MITxPRO+AMxB+1T2018","problem","Question #2","74c65c7660364359a8b91c98e763e93b","The Additive Manufacturing Industry (25 min)","e78489e9108148f8aeb72d12bdded398","Week 1: Introduction to Additive Manufacturing (3 hrs)",146,1,1,1,3,8.28333333333334,1,2,1,2,2,1,1,NA,NA,NA,NA,NA,NA,NA,NA,"a959793"
"b6a4f407524b40eeb08d984b32836876","MITxPRO+AMxB+1T2018","problem","Question #3","74c65c7660364359a8b91c98e763e93b","The Additive Manufacturing Industry (25 min)","e78489e9108148f8aeb72d12bdded398","Week 1: Introduction to Additive Manufacturing (3 hrs)",147,1,1,1,3,8.33333333333334,1,2,1,2,2,1,1,NA,NA,NA,NA,NA,NA,NA,NA,"a959793"
"83df58e45bca4a728eb3dcb87532e1a1","MITxPRO+AMxB+1T2018","problem","Question #4","74c65c7660364359a8b91c98e763e93b","The Additive Manufacturing Industry (25 min)","e78489e9108148f8aeb72d12bdded398","Week 1: Introduction to Additive Manufacturing (3 hrs)",148,1,1,1,3,1.16666666666667,0,3,0,3,2,1,1,NA,NA,NA,NA,NA,NA,NA,NA,"a959793"
"5fcfdbc511594d9fb3d368bcbc0adf84","MITxPRO+AMxB+1T2018","html","Text","74c65c7660364359a8b91c98e763e93b","The Additive Manufacturing Industry (25 min)","e78489e9108148f8aeb72d12bdded398","Week 1: Introduction to Additive Manufacturing (3 hrs)",149,0,0,0,0,0,0,0,0,0,0,NA,NA,NA,NA,NA,NA,NA,NA,NA,NA,"a959793"
"1a4bb735ff0049dba3a0633edf68276a","MITxPRO+AMxB+1T2018","problem","Question #5","74c65c7660364359a8b91c98e763e93b","The Additive Manufacturing Industry (25 min)","e78489e9108148f8aeb72d12bdded398","Week 1: Introduction to Additive Manufacturing (3 hrs)",150,1,1,1,3,2.81666666666667,0,3,0,3,2,1,1,NA,NA,NA,NA,NA,NA,NA,NA,"a959793"
"7228edcdafd748a8ba059ace1ec6a202","MITxPRO+AMxB+1T2018","problem","Question #6","74c65c7660364359a8b91c98e763e93b","The Additive Manufacturing Industry (25 min)","e78489e9108148f8aeb72d12bdded398","Week 1: Introduction to Additive Manufacturing (3 hrs)",151,1,1,1,3,0.416666666666667,1,2,0,3,2,1,1,NA,NA,NA,NA,NA,NA,NA,NA,"a959793"
"6ad12d818d9a441c87b8c41450b11f12","MITxPRO+AMxB+1T2018","html","Text","6d54ff01f3c54dd0aba84f35c614d7ef","The Additive Manufacturing Workflow (10 min)","e78489e9108148f8aeb72d12bdded398","Week 1: Introduction to Additive Manufacturing (3 hrs)",154,1,1,1,3,14.5833333333333,2,1,1,2,0,NA,NA,NA,NA,NA,NA,NA,NA,NA,NA,"a959793"
"fc68686f026f4a1c8b21f5339ac0044c","MITxPRO+AMxB+1T2018","video","The AM Workflow (from CAD to part)","6d54ff01f3c54dd0aba84f35c614d7ef","The Additive Manufacturing Workflow (10 min)","e78489e9108148f8aeb72d12bdded398","Week 1: Introduction to Additive Manufacturing (3 hrs)",155,1,1,1,21,12.4333333333333,1,20,1,20,20,NA,NA,NA,NA,10,4.66666666666667,9,6.45,1,0.0833333333333333,"a959793"
"550b719286db44248d48173c92970f5b","MITxPRO+AMxB+1T2018","html","Text","6d54ff01f3c54dd0aba84f35c614d7ef","The Additive Manufacturing Workflow (10 min)","e78489e9108148f8aeb72d12bdded398","Week 1: Introduction to Additive Manufacturing (3 hrs)",156,0,0,0,0,0,0,0,0,0,0,NA,NA,NA,NA,NA,NA,NA,NA,NA,NA,"a959793"
"20ccdcf059974bbea51abef68782ce5c","MITxPRO+AMxB+1T2018","html",NA,"6d54ff01f3c54dd0aba84f35c614d7ef","The Additive Manufacturing Workflow (10 min)","e78489e9108148f8aeb72d12bdded398","Week 1: Introduction to Additive Manufacturing (3 hrs)",157,0,0,0,0,0,0,0,0,0,0,NA,NA,NA,NA,NA,NA,NA,NA,NA,NA,"a959793"
"2afff631870d43df9cf42c91ff1c375f","MITxPRO+AMxB+1T2018","problem","Question #1","6d54ff01f3c54dd0aba84f35c614d7ef","The Additive Manufacturing Workflow (10 min)","e78489e9108148f8aeb72d12bdded398","Week 1: Introduction to Additive Manufacturing (3 hrs)",158,1,1,1,3,0.416666666666667,1,2,1,2,2,1,1,NA,NA,NA,NA,NA,NA,NA,NA,"a959793"
"25a120914939487ab01f3e320cb238f4","MITxPRO+AMxB+1T2018","problem","Question #2","6d54ff01f3c54dd0aba84f35c614d7ef","The Additive Manufacturing Workflow (10 min)","e78489e9108148f8aeb72d12bdded398","Week 1: Introduction to Additive Manufacturing (3 hrs)",159,1,1,1,3,0.0833333333333334,0,3,1,2,2,1,1,NA,NA,NA,NA,NA,NA,NA,NA,"a959793"
"a8413f2779a14150bf1c83e9f5ea447c","MITxPRO+AMxB+1T2018","problem","Question #3","6d54ff01f3c54dd0aba84f35c614d7ef","The Additive Manufacturing Workflow (10 min)","e78489e9108148f8aeb72d12bdded398","Week 1: Introduction to Additive Manufacturing (3 hrs)",160,1,2,2,4,1.28333333333333,2,2,2,2,2,1,1,NA,NA,NA,NA,NA,NA,NA,NA,"a959793"
"53b450f515af46c3b1eb571ec6d1fd4c","MITxPRO+AMxB+1T2018","problem","Question #4","6d54ff01f3c54dd0aba84f35c614d7ef","The Additive Manufacturing Workflow (10 min)","e78489e9108148f8aeb72d12bdded398","Week 1: Introduction to Additive Manufacturing (3 hrs)",161,1,1,1,3,0.0666666666666667,1,2,1,2,2,1,1,NA,NA,NA,NA,NA,NA,NA,NA,"a959793"
"905f0cf9e2374c818bf1263e9d7e2c00","MITxPRO+AMxB+1T2018","problem","Question #5","6d54ff01f3c54dd0aba84f35c614d7ef","The Additive Manufacturing Workflow (10 min)","e78489e9108148f8aeb72d12bdded398","Week 1: Introduction to Additive Manufacturing (3 hrs)",162,1,1,1,3,0.166666666666667,1,2,0,3,2,1,1,NA,NA,NA,NA,NA,NA,NA,NA,"a959793"
"8b1109f1bac740fc8974fb4eca386560","MITxPRO+AMxB+1T2018","html",NA,"8516e57cba1c4c87b7232da9d22a3686","The Additive Manufacturing Technology Spectrum (15 min)","e78489e9108148f8aeb72d12bdded398","Week 1: Introduction to Additive Manufacturing (3 hrs)",165,1,2,2,3,0.666666666666666,2,1,2,1,0,NA,NA,NA,NA,NA,NA,NA,NA,NA,NA,"a959793"
"d5d74cf927094b04951635356b2c61a0","MITxPRO+AMxB+1T2018","video","AM Technology Spectrum","8516e57cba1c4c87b7232da9d22a3686","The Additive Manufacturing Technology Spectrum (15 min)","e78489e9108148f8aeb72d12bdded398","Week 1: Introduction to Additive Manufacturing (3 hrs)",166,1,1,1,17,9.34999999999999,1,16,1,16,16,NA,NA,NA,NA,7,7.51666666666666,7,1.78333333333333,2,0.05,"a959793"
"06fc2cf614ba46e1a78252ea143efb8a","MITxPRO+AMxB+1T2018","html",NA,"8516e57cba1c4c87b7232da9d22a3686","The Additive Manufacturing Technology Spectrum (15 min)","e78489e9108148f8aeb72d12bdded398","Week 1: Introduction to Additive Manufacturing (3 hrs)",167,0,0,0,0,0,0,0,0,0,0,NA,NA,NA,NA,NA,NA,NA,NA,NA,NA,"a959793"
"c9b70711831043beafffd7e1f034a339","MITxPRO+AMxB+1T2018","problem","Question #1","8516e57cba1c4c87b7232da9d22a3686","The Additive Manufacturing Technology Spectrum (15 min)","e78489e9108148f8aeb72d12bdded398","Week 1: Introduction to Additive Manufacturing (3 hrs)",168,1,1,1,3,0.833333333333334,1,2,1,2,2,1,1,NA,NA,NA,NA,NA,NA,NA,NA,"a959793"
"e22344d128e24de29caa95e6973a6ea7","MITxPRO+AMxB+1T2018","html",NA,"8516e57cba1c4c87b7232da9d22a3686","The Additive Manufacturing Technology Spectrum (15 min)","e78489e9108148f8aeb72d12bdded398","Week 1: Introduction to Additive Manufacturing (3 hrs)",169,0,0,0,0,0,0,0,0,0,0,NA,NA,NA,NA,NA,NA,NA,NA,NA,NA,"a959793"
"6dfd127f3e874ed3912d3372db0b3d35","MITxPRO+AMxB+1T2018","problem","Question #2","8516e57cba1c4c87b7232da9d22a3686","The Additive Manufacturing Technology Spectrum (15 min)","e78489e9108148f8aeb72d12bdded398","Week 1: Introduction to Additive Manufacturing (3 hrs)",170,1,1,1,6,2.4,1,5,1,5,5,2,1,NA,NA,NA,NA,NA,NA,NA,NA,"a959793"
"75e15653e2d84fcd84a2b1b2c0949dd0","MITxPRO+AMxB+1T2018","problem","Question #3","8516e57cba1c4c87b7232da9d22a3686","The Additive Manufacturing Technology Spectrum (15 min)","e78489e9108148f8aeb72d12bdded398","Week 1: Introduction to Additive Manufacturing (3 hrs)",171,1,1,1,3,0.05,1,2,1,2,2,1,1,NA,NA,NA,NA,NA,NA,NA,NA,"a959793"
"9e07d9bd17d84172858e4e2d7c7f3e4b","MITxPRO+AMxB+1T2018","html",NA,"c2abc78c11244ffea2ae9569289e9904","Emerging Trends in Additive Manufacturing (10 min)","e78489e9108148f8aeb72d12bdded398","Week 1: Introduction to Additive Manufacturing (3 hrs)",174,1,2,2,7,9.35,2,5,3,4,3,NA,NA,NA,NA,NA,NA,NA,NA,NA,NA,"a959793"
"c4cb65c90b7145dca401224eabfa1241","MITxPRO+AMxB+1T2018","video","Emerging Trends in Additive Manufacturing","c2abc78c11244ffea2ae9569289e9904","Emerging Trends in Additive Manufacturing (10 min)","e78489e9108148f8aeb72d12bdded398","Week 1: Introduction to Additive Manufacturing (3 hrs)",175,1,1,1,7,5.83333333333333,1,6,1,6,6,NA,NA,NA,NA,3,0.766666666666666,2,0.233333333333333,1,4.63333333333333,"a959793"
"23ec45e604724c2a84eb5bf1b724de68","MITxPRO+AMxB+1T2018","html",NA,"c2abc78c11244ffea2ae9569289e9904","Emerging Trends in Additive Manufacturing (10 min)","e78489e9108148f8aeb72d12bdded398","Week 1: Introduction to Additive Manufacturing (3 hrs)",176,0,0,0,0,0,0,0,0,0,0,NA,NA,NA,NA,NA,NA,NA,NA,NA,NA,"a959793"
"638d08a4940d462481093ee144f85401","MITxPRO+AMxB+1T2018","video","The Digital Thread at General Electric ","c2abc78c11244ffea2ae9569289e9904","Emerging Trends in Additive Manufacturing (10 min)","e78489e9108148f8aeb72d12bdded398","Week 1: Introduction to Additive Manufacturing (3 hrs)",177,1,3,3,5,10.0166666666667,3,2,2,3,1,NA,NA,NA,NA,1,4.61666666666667,NA,NA,NA,NA,"a959793"
"ae7603c14c1643578dfedac1f7b965cd","MITxPRO+AMxB+1T2018","html",NA,"c2abc78c11244ffea2ae9569289e9904","Emerging Trends in Additive Manufacturing (10 min)","e78489e9108148f8aeb72d12bdded398","Week 1: Introduction to Additive Manufacturing (3 hrs)",178,0,0,0,0,0,0,0,0,0,0,NA,NA,NA,NA,NA,NA,NA,NA,NA,NA,"a959793"
"2b9cb425a86f4865825a82fb330fbd6b","MITxPRO+AMxB+1T2018","discussion","How can the concept of the ""digital thread"" improve the efficiency or quality of manufacturing operations?  Propose a specific example from any industry.","c2abc78c11244ffea2ae9569289e9904","Emerging Trends in Additive Manufacturing (10 min)","e78489e9108148f8aeb72d12bdded398","Week 1: Introduction to Additive Manufacturing (3 hrs)",179,0,0,0,0,0,0,0,0,0,0,NA,NA,NA,NA,NA,NA,NA,NA,NA,NA,"a959793"
"2ad839c226ab44539d98e2a1e84e439f","MITxPRO+AMxB+1T2018","html","Text","c81695e8fdc34349ad20691b3703a7bc","Graded Assignment (1 hr)","e78489e9108148f8aeb72d12bdded398","Week 1: Introduction to Additive Manufacturing (3 hrs)",182,1,3,3,8,23.9666666666666,2,5,4,4,3,NA,NA,NA,NA,NA,NA,NA,NA,NA,NA,"a959793"
"c076a6e427c34d0c99c5bb95cbce05e5","MITxPRO+AMxB+1T2018","html","Text","c81695e8fdc34349ad20691b3703a7bc","Graded Assignment (1 hr)","e78489e9108148f8aeb72d12bdded398","Week 1: Introduction to Additive Manufacturing (3 hrs)",184,1,4,4,6,28.7833333333333,4,2,3,3,0,NA,NA,NA,NA,NA,NA,NA,NA,NA,NA,"a959793"
"6ac9f21a57ba4218b9e3b13a36f263be","MITxPRO+AMxB+1T2018","html",NA,"c81695e8fdc34349ad20691b3703a7bc","Graded Assignment (1 hr)","e78489e9108148f8aeb72d12bdded398","Week 1: Introduction to Additive Manufacturing (3 hrs)",185,1,1,1,1,1.93333333333333,1,0,0,1,0,NA,NA,NA,NA,NA,NA,NA,NA,NA,NA,"a959793"
"19f5efdd71494972b03a02f445dc98fa","MITxPRO+AMxB+1T2018","openassessment",NA,"c81695e8fdc34349ad20691b3703a7bc","Graded Assignment (1 hr)","e78489e9108148f8aeb72d12bdded398","Week 1: Introduction to Additive Manufacturing (3 hrs)",186,1,2,2,11,20.9333333333333,1,10,0,11,9,NA,NA,NA,NA,NA,NA,NA,NA,NA,NA,"a959793"
"d96704d24a68401eaad4628b30fdb889","MITxPRO+AMxB+1T2018","html",NA,"b23dfd47e1f745f1b3019b43df385b93","Key Takeaways and Course Trajectory (5 min)","e78489e9108148f8aeb72d12bdded398","Week 1: Introduction to Additive Manufacturing (3 hrs)",189,1,2,2,3,6.51666666666667,2,1,2,1,0,NA,NA,NA,NA,NA,NA,NA,NA,NA,NA,"a959793"
"17707229e69e428f8b8350b8c87c157e","MITxPRO+AMxB+1T2018","video","Key Takeaways","b23dfd47e1f745f1b3019b43df385b93","Key Takeaways and Course Trajectory (5 min)","e78489e9108148f8aeb72d12bdded398","Week 1: Introduction to Additive Manufacturing (3 hrs)",190,1,1,1,3,2.96666666666667,1,2,1,2,2,NA,NA,NA,NA,1,2.95,1,0.0166666666666667,NA,NA,"a959793"
"89f61d355af44e16ac1f9654029f89e0","MITxPRO+AMxB+1T2018","html",NA,"34f7e854320c42898951abd825d0d752","Welcome to Week 2: Navigating the AM Process Spectrum (10 min)","6bda96cc20ea416c8fbaf845d7af08b1","Week 2: Additive Manufacturing Processes (5 hrs)",194,1,2,2,5,1.08333333333333,2,3,2,3,2,NA,NA,NA,NA,NA,NA,NA,NA,NA,NA,"a959793"
"b3f87007fabf4748901e3caaa1ae7ce1","MITxPRO+AMxB+1T2018","html",NA,"34f7e854320c42898951abd825d0d752","Welcome to Week 2: Navigating the AM Process Spectrum (10 min)","6bda96cc20ea416c8fbaf845d7af08b1","Week 2: Additive Manufacturing Processes (5 hrs)",195,0,0,0,0,0,0,0,0,0,0,NA,NA,NA,NA,NA,NA,NA,NA,NA,NA,"a959793"
"49bc2f8db38b47f9b378f26dde2a6e64","MITxPRO+AMxB+1T2018","html",NA,"d5c90995a6e04de38290dd20dbf95f49","Extrusion (40 min)","6bda96cc20ea416c8fbaf845d7af08b1","Week 2: Additive Manufacturing Processes (5 hrs)",198,1,1,1,3,0.266666666666667,2,1,1,2,1,NA,NA,NA,NA,NA,NA,NA,NA,NA,NA,"a959793"
"c7b26f5c177645f8915da5083313c6cf","MITxPRO+AMxB+1T2018","video","Introduction to Extrusion AM","d5c90995a6e04de38290dd20dbf95f49","Extrusion (40 min)","6bda96cc20ea416c8fbaf845d7af08b1","Week 2: Additive Manufacturing Processes (5 hrs)",199,1,1,1,5,6.21666666666667,1,4,3,2,2,NA,NA,NA,NA,2,4.5,2,1.6,NA,NA,"a959793"
"debd717226334517aafcbf75ca463690","MITxPRO+AMxB+1T2018","html",NA,"d5c90995a6e04de38290dd20dbf95f49","Extrusion (40 min)","6bda96cc20ea416c8fbaf845d7af08b1","Week 2: Additive Manufacturing Processes (5 hrs)",200,0,0,0,0,0,0,0,0,0,0,NA,NA,NA,NA,NA,NA,NA,NA,NA,NA,"a959793"
"ed4ff111f1ec4a51ad19229302d1ffd2","MITxPRO+AMxB+1T2018","html","Text","d5c90995a6e04de38290dd20dbf95f49","Extrusion (40 min)","6bda96cc20ea416c8fbaf845d7af08b1","Week 2: Additive Manufacturing Processes (5 hrs)",201,0,0,0,0,0,0,0,0,0,0,NA,NA,NA,NA,NA,NA,NA,NA,NA,NA,"a959793"
"d02f35406ea04ba3a7720453a1f354cc","MITxPRO+AMxB+1T2018","html",NA,"d5c90995a6e04de38290dd20dbf95f49","Extrusion (40 min)","6bda96cc20ea416c8fbaf845d7af08b1","Week 2: Additive Manufacturing Processes (5 hrs)",203,1,1,1,3,0.533333333333334,2,1,3,0,0,NA,NA,NA,NA,NA,NA,NA,NA,NA,NA,"a959793"
"dd6d0ae279474847af7841a0c0b4d5a5","MITxPRO+AMxB+1T2018","video","Video","d5c90995a6e04de38290dd20dbf95f49","Extrusion (40 min)","6bda96cc20ea416c8fbaf845d7af08b1","Week 2: Additive Manufacturing Processes (5 hrs)",204,1,1,1,3,1.3,1,2,2,1,1,NA,NA,NA,NA,1,0.583333333333333,1,0.716666666666667,NA,NA,"a959793"
"2b0c1a20f8f441c3ab4e320b0bde00e1","MITxPRO+AMxB+1T2018","html","Text","d5c90995a6e04de38290dd20dbf95f49","Extrusion (40 min)","6bda96cc20ea416c8fbaf845d7af08b1","Week 2: Additive Manufacturing Processes (5 hrs)",205,0,0,0,0,0,0,0,0,0,0,NA,NA,NA,NA,NA,NA,NA,NA,NA,NA,"a959793"
"ec173897e6254e50812116be2dc37a94","MITxPRO+AMxB+1T2018","html","Text","d5c90995a6e04de38290dd20dbf95f49","Extrusion (40 min)","6bda96cc20ea416c8fbaf845d7af08b1","Week 2: Additive Manufacturing Processes (5 hrs)",207,1,1,1,3,0.783333333333333,2,1,2,1,0,NA,NA,NA,NA,NA,NA,NA,NA,NA,NA,"a959793"
"ac3ba61065f84433a945ac8c71b537f4","MITxPRO+AMxB+1T2018","html","Key Takeaways","d5c90995a6e04de38290dd20dbf95f49","Extrusion (40 min)","6bda96cc20ea416c8fbaf845d7af08b1","Week 2: Additive Manufacturing Processes (5 hrs)",209,1,1,1,2,0.416666666666667,1,1,2,0,0,NA,NA,NA,NA,NA,NA,NA,NA,NA,NA,"a959793"
"553c1e0f782e43f492dadd97e6bef776","MITxPRO+AMxB+1T2018","problem","Question #1","d5c90995a6e04de38290dd20dbf95f49","Extrusion (40 min)","6bda96cc20ea416c8fbaf845d7af08b1","Week 2: Additive Manufacturing Processes (5 hrs)",211,1,1,1,9,1.66666666666667,2,7,3,6,4,1,1,NA,NA,NA,NA,NA,NA,NA,NA,"a959793"
"902dff85d0d34920814ee3729329d2d2","MITxPRO+AMxB+1T2018","problem","Question #2","d5c90995a6e04de38290dd20dbf95f49","Extrusion (40 min)","6bda96cc20ea416c8fbaf845d7af08b1","Week 2: Additive Manufacturing Processes (5 hrs)",212,1,1,1,3,0.283333333333334,0,3,0,3,2,1,1,NA,NA,NA,NA,NA,NA,NA,NA,"a959793"
"6be9622646964f02a8368b937bd8a304","MITxPRO+AMxB+1T2018","problem","Question #3","d5c90995a6e04de38290dd20dbf95f49","Extrusion (40 min)","6bda96cc20ea416c8fbaf845d7af08b1","Week 2: Additive Manufacturing Processes (5 hrs)",213,1,1,1,3,0.433333333333334,1,2,1,2,2,1,1,NA,NA,NA,NA,NA,NA,NA,NA,"a959793"
"8460c1a442324bf6a54498d85b28cfe0","MITxPRO+AMxB+1T2018","problem","Question #4","d5c90995a6e04de38290dd20dbf95f49","Extrusion (40 min)","6bda96cc20ea416c8fbaf845d7af08b1","Week 2: Additive Manufacturing Processes (5 hrs)",214,1,1,1,3,0.15,1,2,1,2,2,1,1,NA,NA,NA,NA,NA,NA,NA,NA,"a959793"
"c08a68b3db574534a7bee42ec660d1a3","MITxPRO+AMxB+1T2018","problem","Question #5","d5c90995a6e04de38290dd20dbf95f49","Extrusion (40 min)","6bda96cc20ea416c8fbaf845d7af08b1","Week 2: Additive Manufacturing Processes (5 hrs)",215,1,1,1,3,0.183333333333333,1,2,0,3,2,1,1,NA,NA,NA,NA,NA,NA,NA,NA,"a959793"
"2126522cd4b94bd68b2999261978d881","MITxPRO+AMxB+1T2018","html","Text","2ec6accdbdb24335bc05442150e4ce5d","Photopolymerization (40 min)","6bda96cc20ea416c8fbaf845d7af08b1","Week 2: Additive Manufacturing Processes (5 hrs)",218,1,1,1,6,5.33333333333333,3,3,0,6,1,NA,NA,NA,NA,NA,NA,NA,NA,NA,NA,"a959793"
"3de7431267b04318bd0e9501f80a019d","MITxPRO+AMxB+1T2018","video","Introduction to Photopolymerization AM","2ec6accdbdb24335bc05442150e4ce5d","Photopolymerization (40 min)","6bda96cc20ea416c8fbaf845d7af08b1","Week 2: Additive Manufacturing Processes (5 hrs)",219,0,0,0,0,0,0,0,0,0,0,NA,NA,NA,NA,NA,NA,NA,NA,NA,NA,"a959793"
"5cfb1ef0ace24db58889425cf90e8268","MITxPRO+AMxB+1T2018","html",NA,"2ec6accdbdb24335bc05442150e4ce5d","Photopolymerization (40 min)","6bda96cc20ea416c8fbaf845d7af08b1","Week 2: Additive Manufacturing Processes (5 hrs)",220,0,0,0,0,0,0,0,0,0,0,NA,NA,NA,NA,NA,NA,NA,NA,NA,NA,"a959793"
"67aa56ef4f504d889c6068052bab302b","MITxPRO+AMxB+1T2018","html",NA,"2ec6accdbdb24335bc05442150e4ce5d","Photopolymerization (40 min)","6bda96cc20ea416c8fbaf845d7af08b1","Week 2: Additive Manufacturing Processes (5 hrs)",222,1,1,1,3,1.5,1,2,2,1,0,NA,NA,NA,NA,NA,NA,NA,NA,NA,NA,"a959793"
"353e3386c40d443197f8dd7cd454bf27","MITxPRO+AMxB+1T2018","video","SLA Workflow ","2ec6accdbdb24335bc05442150e4ce5d","Photopolymerization (40 min)","6bda96cc20ea416c8fbaf845d7af08b1","Week 2: Additive Manufacturing Processes (5 hrs)",223,0,0,0,0,0,0,0,0,0,0,NA,NA,NA,NA,NA,NA,NA,NA,NA,NA,"a959793"
"737b9b6ab4e647879105e210e5fe1807","MITxPRO+AMxB+1T2018","html","Text","2ec6accdbdb24335bc05442150e4ce5d","Photopolymerization (40 min)","6bda96cc20ea416c8fbaf845d7af08b1","Week 2: Additive Manufacturing Processes (5 hrs)",224,0,0,0,0,0,0,0,0,0,0,NA,NA,NA,NA,NA,NA,NA,NA,NA,NA,"a959793"
"334c250757224648b03c5fcdc8ab25b4","MITxPRO+AMxB+1T2018","html",NA,"2ec6accdbdb24335bc05442150e4ce5d","Photopolymerization (40 min)","6bda96cc20ea416c8fbaf845d7af08b1","Week 2: Additive Manufacturing Processes (5 hrs)",226,1,1,1,4,1.36666666666667,2,2,3,1,0,NA,NA,NA,NA,NA,NA,NA,NA,NA,NA,"a959793"
"35fb6234757c420ea8007b976a49044a","MITxPRO+AMxB+1T2018","html","Text","2ec6accdbdb24335bc05442150e4ce5d","Photopolymerization (40 min)","6bda96cc20ea416c8fbaf845d7af08b1","Week 2: Additive Manufacturing Processes (5 hrs)",228,1,1,1,5,2.25,3,2,4,1,1,NA,NA,NA,NA,NA,NA,NA,NA,NA,NA,"a959793"
"632447fdff6840a3a11237aa514d7e68","MITxPRO+AMxB+1T2018","problem","Question #1","2ec6accdbdb24335bc05442150e4ce5d","Photopolymerization (40 min)","6bda96cc20ea416c8fbaf845d7af08b1","Week 2: Additive Manufacturing Processes (5 hrs)",230,1,1,1,10,1.53333333333333,3,7,1,9,6,2,0,NA,NA,NA,NA,NA,NA,NA,NA,"a959793"
"48f524e499d548ea91963ba7ab8ad845","MITxPRO+AMxB+1T2018","problem","Question #2","2ec6accdbdb24335bc05442150e4ce5d","Photopolymerization (40 min)","6bda96cc20ea416c8fbaf845d7af08b1","Week 2: Additive Manufacturing Processes (5 hrs)",231,1,1,1,7,0.883333333333334,1,6,0,7,5,2,0,NA,NA,NA,NA,NA,NA,NA,NA,"a959793"
"e1d55c63a2bd4a79aca5c750cc7a6c97","MITxPRO+AMxB+1T2018","problem","Question #3","2ec6accdbdb24335bc05442150e4ce5d","Photopolymerization (40 min)","6bda96cc20ea416c8fbaf845d7af08b1","Week 2: Additive Manufacturing Processes (5 hrs)",232,1,1,1,3,0.2,1,2,0,3,2,1,1,NA,NA,NA,NA,NA,NA,NA,NA,"a959793"
"bd441ccd067547a89407ec54fa626f06","MITxPRO+AMxB+1T2018","problem","Question #4","2ec6accdbdb24335bc05442150e4ce5d","Photopolymerization (40 min)","6bda96cc20ea416c8fbaf845d7af08b1","Week 2: Additive Manufacturing Processes (5 hrs)",233,1,1,1,3,0.216666666666667,1,2,1,2,2,1,1,NA,NA,NA,NA,NA,NA,NA,NA,"a959793"
"f7874e47588041b697e73ba41e6e407c","MITxPRO+AMxB+1T2018","problem","Question #5","2ec6accdbdb24335bc05442150e4ce5d","Photopolymerization (40 min)","6bda96cc20ea416c8fbaf845d7af08b1","Week 2: Additive Manufacturing Processes (5 hrs)",234,1,1,1,6,0.716666666666667,1,5,0,6,5,2,1,NA,NA,NA,NA,NA,NA,NA,NA,"a959793"
"26772bf1f08f4f96ab44e6007c4c6976","MITxPRO+AMxB+1T2018","html","Text","28005b53206c40a6a38fda0370a2bf97","Powder Bed Fusion (60 min)","6bda96cc20ea416c8fbaf845d7af08b1","Week 2: Additive Manufacturing Processes (5 hrs)",237,1,1,1,7,7.1,1,6,5,2,1,NA,NA,NA,NA,NA,NA,NA,NA,NA,NA,"a959793"
"9b0b3df2c14144d49b56a90c54cb748a","MITxPRO+AMxB+1T2018","video","Introduction to Powder Bed Fusion AM","28005b53206c40a6a38fda0370a2bf97","Powder Bed Fusion (60 min)","6bda96cc20ea416c8fbaf845d7af08b1","Week 2: Additive Manufacturing Processes (5 hrs)",238,0,0,0,0,0,0,0,0,0,0,NA,NA,NA,NA,NA,NA,NA,NA,NA,NA,"a959793"
"3e4ef77de6bf43dd8ba014f6897dcae6","MITxPRO+AMxB+1T2018","html",NA,"28005b53206c40a6a38fda0370a2bf97","Powder Bed Fusion (60 min)","6bda96cc20ea416c8fbaf845d7af08b1","Week 2: Additive Manufacturing Processes (5 hrs)",239,0,0,0,0,0,0,0,0,0,0,NA,NA,NA,NA,NA,NA,NA,NA,NA,NA,"a959793"
"b44d071a81c142198d7e7ca14f5442f6","MITxPRO+AMxB+1T2018","html","Duplicate of 'Text'","28005b53206c40a6a38fda0370a2bf97","Powder Bed Fusion (60 min)","6bda96cc20ea416c8fbaf845d7af08b1","Week 2: Additive Manufacturing Processes (5 hrs)",241,1,1,1,4,0.633333333333333,1,3,3,1,0,NA,NA,NA,NA,NA,NA,NA,NA,NA,NA,"a959793"
"2a3d8b5f6991442cbf17871398487920","MITxPRO+AMxB+1T2018","video","SLS Workflow ","28005b53206c40a6a38fda0370a2bf97","Powder Bed Fusion (60 min)","6bda96cc20ea416c8fbaf845d7af08b1","Week 2: Additive Manufacturing Processes (5 hrs)",242,0,0,0,0,0,0,0,0,0,0,NA,NA,NA,NA,NA,NA,NA,NA,NA,NA,"a959793"
"5e42a1b1cce24e97b69466e3d9d02a98","MITxPRO+AMxB+1T2018","html","Text","28005b53206c40a6a38fda0370a2bf97","Powder Bed Fusion (60 min)","6bda96cc20ea416c8fbaf845d7af08b1","Week 2: Additive Manufacturing Processes (5 hrs)",243,0,0,0,0,0,0,0,0,0,0,NA,NA,NA,NA,NA,NA,NA,NA,NA,NA,"a959793"
"6b640336506d4155b1388785aab42fca","MITxPRO+AMxB+1T2018","html","Text","28005b53206c40a6a38fda0370a2bf97","Powder Bed Fusion (60 min)","6bda96cc20ea416c8fbaf845d7af08b1","Week 2: Additive Manufacturing Processes (5 hrs)",245,1,1,1,5,2.61666666666666,3,2,3,2,0,NA,NA,NA,NA,NA,NA,NA,NA,NA,NA,"a959793"
"5b303a0f1b8c4aa4be49f74f2fc89c9e","MITxPRO+AMxB+1T2018","video","SLM Workflow ","28005b53206c40a6a38fda0370a2bf97","Powder Bed Fusion (60 min)","6bda96cc20ea416c8fbaf845d7af08b1","Week 2: Additive Manufacturing Processes (5 hrs)",246,0,0,0,0,0,0,0,0,0,0,NA,NA,NA,NA,NA,NA,NA,NA,NA,NA,"a959793"
"05777fc145714e21b5bc652ac8cec7cf","MITxPRO+AMxB+1T2018","html","Text","28005b53206c40a6a38fda0370a2bf97","Powder Bed Fusion (60 min)","6bda96cc20ea416c8fbaf845d7af08b1","Week 2: Additive Manufacturing Processes (5 hrs)",247,0,0,0,0,0,0,0,0,0,0,NA,NA,NA,NA,NA,NA,NA,NA,NA,NA,"a959793"
"b47999fa192a4c07897ef0655c1f458f","MITxPRO+AMxB+1T2018","html",NA,"28005b53206c40a6a38fda0370a2bf97","Powder Bed Fusion (60 min)","6bda96cc20ea416c8fbaf845d7af08b1","Week 2: Additive Manufacturing Processes (5 hrs)",249,1,1,1,4,2,3,1,3,1,0,NA,NA,NA,NA,NA,NA,NA,NA,NA,NA,"a959793"
"4278a11746804def8e613a8a8da29a7c","MITxPRO+AMxB+1T2018","html","Text","28005b53206c40a6a38fda0370a2bf97","Powder Bed Fusion (60 min)","6bda96cc20ea416c8fbaf845d7af08b1","Week 2: Additive Manufacturing Processes (5 hrs)",251,1,1,1,2,1.33333333333333,2,0,2,0,0,NA,NA,NA,NA,NA,NA,NA,NA,NA,NA,"a959793"
"deead91c4b084361847e1f6596966bb8","MITxPRO+AMxB+1T2018","problem","Question #1","28005b53206c40a6a38fda0370a2bf97","Powder Bed Fusion (60 min)","6bda96cc20ea416c8fbaf845d7af08b1","Week 2: Additive Manufacturing Processes (5 hrs)",253,1,1,1,7,1.33333333333333,2,5,5,2,2,1,1,NA,NA,NA,NA,NA,NA,NA,NA,"a959793"
"6bcb17967bcb4df9bfc7914614ea438d","MITxPRO+AMxB+1T2018","problem","Question #2","28005b53206c40a6a38fda0370a2bf97","Powder Bed Fusion (60 min)","6bda96cc20ea416c8fbaf845d7af08b1","Week 2: Additive Manufacturing Processes (5 hrs)",254,1,1,1,3,0.783333333333333,1,2,1,2,2,1,1,NA,NA,NA,NA,NA,NA,NA,NA,"a959793"
"c1cffbf051a6419bb88a3efe70810c03","MITxPRO+AMxB+1T2018","problem","Question #3","28005b53206c40a6a38fda0370a2bf97","Powder Bed Fusion (60 min)","6bda96cc20ea416c8fbaf845d7af08b1","Week 2: Additive Manufacturing Processes (5 hrs)",255,1,1,1,6,1.3,2,4,1,5,4,2,1,NA,NA,NA,NA,NA,NA,NA,NA,"a959793"
"deb6f01c4aee459aba4573c30370cd9f","MITxPRO+AMxB+1T2018","problem","Question #4","28005b53206c40a6a38fda0370a2bf97","Powder Bed Fusion (60 min)","6bda96cc20ea416c8fbaf845d7af08b1","Week 2: Additive Manufacturing Processes (5 hrs)",256,1,1,1,3,0.283333333333333,1,2,1,2,2,1,1,NA,NA,NA,NA,NA,NA,NA,NA,"a959793"
"712de1d8f0494088af25f2d8990ed903","MITxPRO+AMxB+1T2018","problem","Question #5","28005b53206c40a6a38fda0370a2bf97","Powder Bed Fusion (60 min)","6bda96cc20ea416c8fbaf845d7af08b1","Week 2: Additive Manufacturing Processes (5 hrs)",257,1,1,1,3,1.43333333333334,1,2,0,3,2,1,1,NA,NA,NA,NA,NA,NA,NA,NA,"a959793"
"bcfaf0a85a4c4bb1b5f38a5334a89bc7","MITxPRO+AMxB+1T2018","problem","Question #6","28005b53206c40a6a38fda0370a2bf97","Powder Bed Fusion (60 min)","6bda96cc20ea416c8fbaf845d7af08b1","Week 2: Additive Manufacturing Processes (5 hrs)",258,1,1,1,3,1.91666666666667,1,2,0,3,2,1,1,NA,NA,NA,NA,NA,NA,NA,NA,"a959793"
"70ce3c11df2441369632b5e4c33440b2","MITxPRO+AMxB+1T2018","problem","Question #7","28005b53206c40a6a38fda0370a2bf97","Powder Bed Fusion (60 min)","6bda96cc20ea416c8fbaf845d7af08b1","Week 2: Additive Manufacturing Processes (5 hrs)",259,1,1,1,3,0.633333333333333,1,2,1,2,2,1,1,NA,NA,NA,NA,NA,NA,NA,NA,"a959793"
"631404452a894b47949846af85b65a75","MITxPRO+AMxB+1T2018","problem","Question #8","28005b53206c40a6a38fda0370a2bf97","Powder Bed Fusion (60 min)","6bda96cc20ea416c8fbaf845d7af08b1","Week 2: Additive Manufacturing Processes (5 hrs)",260,1,1,1,10,0.966666666666667,3,7,0,10,7,2,0,NA,NA,NA,NA,NA,NA,NA,NA,"a959793"
"8a10cc79e71240fbbaef15137c988bf5","MITxPRO+AMxB+1T2018","html",NA,"26ce560fdce147dda5bbc4125cff45dc","Material Jetting (40 min)","6bda96cc20ea416c8fbaf845d7af08b1","Week 2: Additive Manufacturing Processes (5 hrs)",263,1,1,1,7,2.23333333333333,1,6,5,2,1,NA,NA,NA,NA,NA,NA,NA,NA,NA,NA,"a959793"
"d6f5e62f53b24133ad80b6ae4fbb1c67","MITxPRO+AMxB+1T2018","video","Introduction to Material Jetting AM","26ce560fdce147dda5bbc4125cff45dc","Material Jetting (40 min)","6bda96cc20ea416c8fbaf845d7af08b1","Week 2: Additive Manufacturing Processes (5 hrs)",264,0,0,0,0,0,0,0,0,0,0,NA,NA,NA,NA,NA,NA,NA,NA,NA,NA,"a959793"
"22f8ee5d537a46cfb33f6713a2ec6a6a","MITxPRO+AMxB+1T2018","html",NA,"26ce560fdce147dda5bbc4125cff45dc","Material Jetting (40 min)","6bda96cc20ea416c8fbaf845d7af08b1","Week 2: Additive Manufacturing Processes (5 hrs)",265,0,0,0,0,0,0,0,0,0,0,NA,NA,NA,NA,NA,NA,NA,NA,NA,NA,"a959793"
"0cd55e8d087d4dd7b4abe0c9eeb53ee9","MITxPRO+AMxB+1T2018","html",NA,"26ce560fdce147dda5bbc4125cff45dc","Material Jetting (40 min)","6bda96cc20ea416c8fbaf845d7af08b1","Week 2: Additive Manufacturing Processes (5 hrs)",267,1,1,1,7,1.9,1,6,3,4,0,NA,NA,NA,NA,NA,NA,NA,NA,NA,NA,"a959793"
"43334af9e23541758eae3f163f0233ca","MITxPRO+AMxB+1T2018","video","Material Jetting Workflow ","26ce560fdce147dda5bbc4125cff45dc","Material Jetting (40 min)","6bda96cc20ea416c8fbaf845d7af08b1","Week 2: Additive Manufacturing Processes (5 hrs)",268,0,0,0,0,0,0,0,0,0,0,NA,NA,NA,NA,NA,NA,NA,NA,NA,NA,"a959793"
"b6e111cfb4a9471b8d1efe4384681e27","MITxPRO+AMxB+1T2018","html",NA,"26ce560fdce147dda5bbc4125cff45dc","Material Jetting (40 min)","6bda96cc20ea416c8fbaf845d7af08b1","Week 2: Additive Manufacturing Processes (5 hrs)",269,0,0,0,0,0,0,0,0,0,0,NA,NA,NA,NA,NA,NA,NA,NA,NA,NA,"a959793"
"0552f7dc52d14cf5b15daed9c4229342","MITxPRO+AMxB+1T2018","html",NA,"26ce560fdce147dda5bbc4125cff45dc","Material Jetting (40 min)","6bda96cc20ea416c8fbaf845d7af08b1","Week 2: Additive Manufacturing Processes (5 hrs)",271,1,1,1,5,1.03333333333333,2,3,1,4,0,NA,NA,NA,NA,NA,NA,NA,NA,NA,NA,"a959793"
"151ff258d4a74e6dbe9efde0ce31b457","MITxPRO+AMxB+1T2018","html",NA,"26ce560fdce147dda5bbc4125cff45dc","Material Jetting (40 min)","6bda96cc20ea416c8fbaf845d7af08b1","Week 2: Additive Manufacturing Processes (5 hrs)",273,1,1,1,3,0.833333333333334,3,0,1,2,0,NA,NA,NA,NA,NA,NA,NA,NA,NA,NA,"a959793"
"c1e3057887ae4756b3983ee71103080a","MITxPRO+AMxB+1T2018","problem","Question #1","26ce560fdce147dda5bbc4125cff45dc","Material Jetting (40 min)","6bda96cc20ea416c8fbaf845d7af08b1","Week 2: Additive Manufacturing Processes (5 hrs)",275,1,1,1,5,2.43333333333333,2,3,2,3,2,1,1,NA,NA,NA,NA,NA,NA,NA,NA,"a959793"
"4ddee52f520141a192396264e12e939c","MITxPRO+AMxB+1T2018","problem","Question #2","26ce560fdce147dda5bbc4125cff45dc","Material Jetting (40 min)","6bda96cc20ea416c8fbaf845d7af08b1","Week 2: Additive Manufacturing Processes (5 hrs)",276,1,1,1,6,0.45,2,4,0,6,4,2,1,NA,NA,NA,NA,NA,NA,NA,NA,"a959793"
"2a07f16983744ee4b619e6822558732e","MITxPRO+AMxB+1T2018","problem","Question #3","26ce560fdce147dda5bbc4125cff45dc","Material Jetting (40 min)","6bda96cc20ea416c8fbaf845d7af08b1","Week 2: Additive Manufacturing Processes (5 hrs)",277,1,1,1,3,0.766666666666667,0,3,0,3,2,1,1,NA,NA,NA,NA,NA,NA,NA,NA,"a959793"
"3b80b63e802243169ed3dc0ceba87a81","MITxPRO+AMxB+1T2018","problem","Question #4","26ce560fdce147dda5bbc4125cff45dc","Material Jetting (40 min)","6bda96cc20ea416c8fbaf845d7af08b1","Week 2: Additive Manufacturing Processes (5 hrs)",278,1,1,1,3,1.26666666666667,1,2,0,3,2,1,1,NA,NA,NA,NA,NA,NA,NA,NA,"a959793"
"750c556f3cae4c2db33e983c7c72db60","MITxPRO+AMxB+1T2018","problem","Question #5","26ce560fdce147dda5bbc4125cff45dc","Material Jetting (40 min)","6bda96cc20ea416c8fbaf845d7af08b1","Week 2: Additive Manufacturing Processes (5 hrs)",279,1,1,1,3,0.783333333333334,1,2,0,3,2,1,1,NA,NA,NA,NA,NA,NA,NA,NA,"a959793"
"aedac84ad12f487db1c88dbe3c82abde","MITxPRO+AMxB+1T2018","html",NA,"a807fe17f06a4b3f8ac0d5e97ec3aae9","Binder Jetting (40 min)","6bda96cc20ea416c8fbaf845d7af08b1","Week 2: Additive Manufacturing Processes (5 hrs)",282,1,2,2,4,2.21666666666666,0,4,4,0,0,NA,NA,NA,NA,NA,NA,NA,NA,NA,NA,"a959793"
"44a09f185c624f388d29e488f28999d2","MITxPRO+AMxB+1T2018","video","Introduction to Binder Jetting AM","a807fe17f06a4b3f8ac0d5e97ec3aae9","Binder Jetting (40 min)","6bda96cc20ea416c8fbaf845d7af08b1","Week 2: Additive Manufacturing Processes (5 hrs)",283,1,1,1,3,3.93333333333333,1,2,2,1,1,NA,NA,NA,NA,1,3.9,1,0,NA,NA,"a959793"
"41f2083f68e34e818c645e3b5fe1f3a6","MITxPRO+AMxB+1T2018","html",NA,"a807fe17f06a4b3f8ac0d5e97ec3aae9","Binder Jetting (40 min)","6bda96cc20ea416c8fbaf845d7af08b1","Week 2: Additive Manufacturing Processes (5 hrs)",284,0,0,0,0,0,0,0,0,0,0,NA,NA,NA,NA,NA,NA,NA,NA,NA,NA,"a959793"
"8c70a939146b49cd91d826eaa1b1aaf8","MITxPRO+AMxB+1T2018","html",NA,"a807fe17f06a4b3f8ac0d5e97ec3aae9","Binder Jetting (40 min)","6bda96cc20ea416c8fbaf845d7af08b1","Week 2: Additive Manufacturing Processes (5 hrs)",286,1,1,1,4,1.15,2,2,3,1,0,NA,NA,NA,NA,NA,NA,NA,NA,NA,NA,"a959793"
"0fc9573794ea433ca88f5be6758b560e","MITxPRO+AMxB+1T2018","video","Video","a807fe17f06a4b3f8ac0d5e97ec3aae9","Binder Jetting (40 min)","6bda96cc20ea416c8fbaf845d7af08b1","Week 2: Additive Manufacturing Processes (5 hrs)",287,0,0,0,0,0,0,0,0,0,0,NA,NA,NA,NA,NA,NA,NA,NA,NA,NA,"a959793"
"f5040720d39f47cda6c8744f087759d2","MITxPRO+AMxB+1T2018","html","Text","a807fe17f06a4b3f8ac0d5e97ec3aae9","Binder Jetting (40 min)","6bda96cc20ea416c8fbaf845d7af08b1","Week 2: Additive Manufacturing Processes (5 hrs)",288,0,0,0,0,0,0,0,0,0,0,NA,NA,NA,NA,NA,NA,NA,NA,NA,NA,"a959793"
"cfc8fb9e455e4fc592f63e75803bc5e9","MITxPRO+AMxB+1T2018","html","Text","a807fe17f06a4b3f8ac0d5e97ec3aae9","Binder Jetting (40 min)","6bda96cc20ea416c8fbaf845d7af08b1","Week 2: Additive Manufacturing Processes (5 hrs)",290,1,1,1,5,1.93333333333333,3,2,4,1,0,NA,NA,NA,NA,NA,NA,NA,NA,NA,NA,"a959793"
"4454aaa65b6d49ca89add710ba15514e","MITxPRO+AMxB+1T2018","html",NA,"a807fe17f06a4b3f8ac0d5e97ec3aae9","Binder Jetting (40 min)","6bda96cc20ea416c8fbaf845d7af08b1","Week 2: Additive Manufacturing Processes (5 hrs)",292,1,1,1,3,0.9,1,2,2,1,0,NA,NA,NA,NA,NA,NA,NA,NA,NA,NA,"a959793"
"b417ce5230004e449eb68bbbca8930d9","MITxPRO+AMxB+1T2018","problem","Question #1","a807fe17f06a4b3f8ac0d5e97ec3aae9","Binder Jetting (40 min)","6bda96cc20ea416c8fbaf845d7af08b1","Week 2: Additive Manufacturing Processes (5 hrs)",294,1,1,1,9,3.05,4,5,4,5,3,1,1,NA,NA,NA,NA,NA,NA,NA,NA,"a959793"
"519a3ce144b042f09bc9f27f33267c71","MITxPRO+AMxB+1T2018","problem","Question #2","a807fe17f06a4b3f8ac0d5e97ec3aae9","Binder Jetting (40 min)","6bda96cc20ea416c8fbaf845d7af08b1","Week 2: Additive Manufacturing Processes (5 hrs)",295,1,1,1,3,5.98333333333334,1,2,0,3,2,1,1,NA,NA,NA,NA,NA,NA,NA,NA,"a959793"
"1c6f3c34f7cc4c9b94c4e8d737f587c6","MITxPRO+AMxB+1T2018","problem","Question #3","a807fe17f06a4b3f8ac0d5e97ec3aae9","Binder Jetting (40 min)","6bda96cc20ea416c8fbaf845d7af08b1","Week 2: Additive Manufacturing Processes (5 hrs)",296,1,1,1,4,0.883333333333333,2,2,0,4,2,1,0,NA,NA,NA,NA,NA,NA,NA,NA,"a959793"
"d8424937df4a417f80f02a8a69eee970","MITxPRO+AMxB+1T2018","problem","Question #4","a807fe17f06a4b3f8ac0d5e97ec3aae9","Binder Jetting (40 min)","6bda96cc20ea416c8fbaf845d7af08b1","Week 2: Additive Manufacturing Processes (5 hrs)",297,1,1,1,7,1.16666666666667,2,5,1,6,5,2,0,NA,NA,NA,NA,NA,NA,NA,NA,"a959793"
"4be8a36bf92f42cd8fbd28d32417459c","MITxPRO+AMxB+1T2018","problem","Question #5","a807fe17f06a4b3f8ac0d5e97ec3aae9","Binder Jetting (40 min)","6bda96cc20ea416c8fbaf845d7af08b1","Week 2: Additive Manufacturing Processes (5 hrs)",298,1,1,1,7,0.7,2,5,0,7,5,2,0,NA,NA,NA,NA,NA,NA,NA,NA,"a959793"
"1f5002403e13485da7e7b1f5896e81ee","MITxPRO+AMxB+1T2018","html",NA,"8159fa91a0244ddf9fdcb3ac8da351d5","Directed Energy Deposition (40 min)","6bda96cc20ea416c8fbaf845d7af08b1","Week 2: Additive Manufacturing Processes (5 hrs)",301,1,1,1,6,4.26666666666667,1,5,3,3,2,NA,NA,NA,NA,NA,NA,NA,NA,NA,NA,"a959793"
"46cd00fd3cd84c52a7161a7eafdb9268","MITxPRO+AMxB+1T2018","video","Introduction to Directed Energy Deposition AM","8159fa91a0244ddf9fdcb3ac8da351d5","Directed Energy Deposition (40 min)","6bda96cc20ea416c8fbaf845d7af08b1","Week 2: Additive Manufacturing Processes (5 hrs)",302,0,0,0,0,0,0,0,0,0,0,NA,NA,NA,NA,NA,NA,NA,NA,NA,NA,"a959793"
"946ced56e0c848f38f9e1a1fb8996535","MITxPRO+AMxB+1T2018","html",NA,"8159fa91a0244ddf9fdcb3ac8da351d5","Directed Energy Deposition (40 min)","6bda96cc20ea416c8fbaf845d7af08b1","Week 2: Additive Manufacturing Processes (5 hrs)",303,0,0,0,0,0,0,0,0,0,0,NA,NA,NA,NA,NA,NA,NA,NA,NA,NA,"a959793"
"276eb91bb71649698c5d0281235cbd59","MITxPRO+AMxB+1T2018","html",NA,"8159fa91a0244ddf9fdcb3ac8da351d5","Directed Energy Deposition (40 min)","6bda96cc20ea416c8fbaf845d7af08b1","Week 2: Additive Manufacturing Processes (5 hrs)",305,1,1,1,2,0.416666666666667,1,1,1,1,0,NA,NA,NA,NA,NA,NA,NA,NA,NA,NA,"a959793"
"9af4973779c443ac986aa5b2a63462d6","MITxPRO+AMxB+1T2018","video","Video","8159fa91a0244ddf9fdcb3ac8da351d5","Directed Energy Deposition (40 min)","6bda96cc20ea416c8fbaf845d7af08b1","Week 2: Additive Manufacturing Processes (5 hrs)",306,0,0,0,0,0,0,0,0,0,0,NA,NA,NA,NA,NA,NA,NA,NA,NA,NA,"a959793"
"00c23be7a0584af395428ab3a704e552","MITxPRO+AMxB+1T2018","html",NA,"8159fa91a0244ddf9fdcb3ac8da351d5","Directed Energy Deposition (40 min)","6bda96cc20ea416c8fbaf845d7af08b1","Week 2: Additive Manufacturing Processes (5 hrs)",307,0,0,0,0,0,0,0,0,0,0,NA,NA,NA,NA,NA,NA,NA,NA,NA,NA,"a959793"
"0e3c2d8cac1e44af8bd7fabc48f8d079","MITxPRO+AMxB+1T2018","html",NA,"8159fa91a0244ddf9fdcb3ac8da351d5","Directed Energy Deposition (40 min)","6bda96cc20ea416c8fbaf845d7af08b1","Week 2: Additive Manufacturing Processes (5 hrs)",309,0,0,0,0,0,0,0,0,0,0,NA,NA,NA,NA,NA,NA,NA,NA,NA,NA,"a959793"
"c8a31966713e4ef18f4f06cd4a79d374","MITxPRO+AMxB+1T2018","html",NA,"8159fa91a0244ddf9fdcb3ac8da351d5","Directed Energy Deposition (40 min)","6bda96cc20ea416c8fbaf845d7af08b1","Week 2: Additive Manufacturing Processes (5 hrs)",311,0,0,0,0,0,0,0,0,0,0,NA,NA,NA,NA,NA,NA,NA,NA,NA,NA,"a959793"
"f732776055a94d8d8fd501519588bcc8","MITxPRO+AMxB+1T2018","problem","Question #1","8159fa91a0244ddf9fdcb3ac8da351d5","Directed Energy Deposition (40 min)","6bda96cc20ea416c8fbaf845d7af08b1","Week 2: Additive Manufacturing Processes (5 hrs)",313,1,1,1,9,1.68333333333333,2,7,0,9,6,2,0,NA,NA,NA,NA,NA,NA,NA,NA,"a959793"
"71aa8975942747bfa496bcb179836244","MITxPRO+AMxB+1T2018","problem","Question #2","8159fa91a0244ddf9fdcb3ac8da351d5","Directed Energy Deposition (40 min)","6bda96cc20ea416c8fbaf845d7af08b1","Week 2: Additive Manufacturing Processes (5 hrs)",314,1,1,1,3,1.63333333333334,0,3,0,3,2,1,1,NA,NA,NA,NA,NA,NA,NA,NA,"a959793"
"58bc915ba85341b48f20266cd8bf3050","MITxPRO+AMxB+1T2018","problem","Question #3","8159fa91a0244ddf9fdcb3ac8da351d5","Directed Energy Deposition (40 min)","6bda96cc20ea416c8fbaf845d7af08b1","Week 2: Additive Manufacturing Processes (5 hrs)",315,1,1,1,3,0.6,1,2,0,3,2,1,1,NA,NA,NA,NA,NA,NA,NA,NA,"a959793"
"ac3271c843024f538cfe21e21a0504e4","MITxPRO+AMxB+1T2018","problem","Question #4","8159fa91a0244ddf9fdcb3ac8da351d5","Directed Energy Deposition (40 min)","6bda96cc20ea416c8fbaf845d7af08b1","Week 2: Additive Manufacturing Processes (5 hrs)",316,1,1,1,3,0.183333333333333,1,2,0,3,2,1,1,NA,NA,NA,NA,NA,NA,NA,NA,"a959793"
"123565b06983431e9889eac59f1c0f7b","MITxPRO+AMxB+1T2018","problem","Question #5","8159fa91a0244ddf9fdcb3ac8da351d5","Directed Energy Deposition (40 min)","6bda96cc20ea416c8fbaf845d7af08b1","Week 2: Additive Manufacturing Processes (5 hrs)",317,1,1,1,3,0.416666666666667,0,3,0,3,2,1,1,NA,NA,NA,NA,NA,NA,NA,NA,"a959793"
"44a49f1cf12f41508cd0ed01b3633f1d","MITxPRO+AMxB+1T2018","problem","Question #6","8159fa91a0244ddf9fdcb3ac8da351d5","Directed Energy Deposition (40 min)","6bda96cc20ea416c8fbaf845d7af08b1","Week 2: Additive Manufacturing Processes (5 hrs)",318,1,1,1,3,1.56666666666667,1,2,0,3,2,1,1,NA,NA,NA,NA,NA,NA,NA,NA,"a959793"
"61856830155142bcaeace6aa59bd78ff","MITxPRO+AMxB+1T2018","html",NA,"2271b4175af14d2aba281c0c130c6c98","Lamination (30 min)","6bda96cc20ea416c8fbaf845d7af08b1","Week 2: Additive Manufacturing Processes (5 hrs)",321,1,1,1,4,16.9333333333333,0,4,4,0,0,NA,NA,NA,NA,NA,NA,NA,NA,NA,NA,"a959793"
"b62c41bd1f7041b8af6a7c1ba244ed04","MITxPRO+AMxB+1T2018","video","Introduction to Lamination AM","2271b4175af14d2aba281c0c130c6c98","Lamination (30 min)","6bda96cc20ea416c8fbaf845d7af08b1","Week 2: Additive Manufacturing Processes (5 hrs)",322,1,1,1,1,7.78333333333333,1,0,1,0,0,NA,NA,NA,NA,1,7.78333333333333,NA,NA,NA,NA,"a959793"
"7d49c93e6d8248b5917ce5939b0ed199","MITxPRO+AMxB+1T2018","html",NA,"2271b4175af14d2aba281c0c130c6c98","Lamination (30 min)","6bda96cc20ea416c8fbaf845d7af08b1","Week 2: Additive Manufacturing Processes (5 hrs)",323,1,1,1,1,0.05,0,1,0,1,0,NA,NA,NA,NA,NA,NA,NA,NA,NA,NA,"a959793"
"1016f8c2803e4955b2ecb470241bcd95","MITxPRO+AMxB+1T2018","html",NA,"2271b4175af14d2aba281c0c130c6c98","Lamination (30 min)","6bda96cc20ea416c8fbaf845d7af08b1","Week 2: Additive Manufacturing Processes (5 hrs)",325,1,1,1,2,2.95,1,1,1,1,0,NA,NA,NA,NA,NA,NA,NA,NA,NA,NA,"a959793"
"6125768f1d5e42fb883dbc1aaa84223c","MITxPRO+AMxB+1T2018","video","Paper LOM workflow ","2271b4175af14d2aba281c0c130c6c98","Lamination (30 min)","6bda96cc20ea416c8fbaf845d7af08b1","Week 2: Additive Manufacturing Processes (5 hrs)",326,0,0,0,0,0,0,0,0,0,0,NA,NA,NA,NA,NA,NA,NA,NA,NA,NA,"a959793"
"290de671af174739bcd0df683b4afc67","MITxPRO+AMxB+1T2018","html",NA,"2271b4175af14d2aba281c0c130c6c98","Lamination (30 min)","6bda96cc20ea416c8fbaf845d7af08b1","Week 2: Additive Manufacturing Processes (5 hrs)",327,0,0,0,0,0,0,0,0,0,0,NA,NA,NA,NA,NA,NA,NA,NA,NA,NA,"a959793"
"39d452015e8545798e59a5722b3926e6","MITxPRO+AMxB+1T2018","html",NA,"2271b4175af14d2aba281c0c130c6c98","Lamination (30 min)","6bda96cc20ea416c8fbaf845d7af08b1","Week 2: Additive Manufacturing Processes (5 hrs)",329,1,1,1,2,0.85,1,1,2,0,0,NA,NA,NA,NA,NA,NA,NA,NA,NA,NA,"a959793"
"861189817e874a78b48adb13db4dd352","MITxPRO+AMxB+1T2018","html",NA,"2271b4175af14d2aba281c0c130c6c98","Lamination (30 min)","6bda96cc20ea416c8fbaf845d7af08b1","Week 2: Additive Manufacturing Processes (5 hrs)",331,1,1,1,1,0.566666666666667,1,0,1,0,0,NA,NA,NA,NA,NA,NA,NA,NA,NA,NA,"a959793"
"305af948e6fd418db8d32afcba8edec2","MITxPRO+AMxB+1T2018","html",NA,"2271b4175af14d2aba281c0c130c6c98","Lamination (30 min)","6bda96cc20ea416c8fbaf845d7af08b1","Week 2: Additive Manufacturing Processes (5 hrs)",332,0,0,0,0,0,0,0,0,0,0,NA,NA,NA,NA,NA,NA,NA,NA,NA,NA,"a959793"
"1e10c4909db04d90ae611fcb24527c0f","MITxPRO+AMxB+1T2018","html",NA,"2271b4175af14d2aba281c0c130c6c98","Lamination (30 min)","6bda96cc20ea416c8fbaf845d7af08b1","Week 2: Additive Manufacturing Processes (5 hrs)",333,0,0,0,0,0,0,0,0,0,0,NA,NA,NA,NA,NA,NA,NA,NA,NA,NA,"a959793"
"21025d91f3cd4d4f858c2ec35764b5da","MITxPRO+AMxB+1T2018","html",NA,"2271b4175af14d2aba281c0c130c6c98","Lamination (30 min)","6bda96cc20ea416c8fbaf845d7af08b1","Week 2: Additive Manufacturing Processes (5 hrs)",335,1,1,1,1,0.383333333333333,1,0,0,1,0,NA,NA,NA,NA,NA,NA,NA,NA,NA,NA,"a959793"
"1ed230eb23af43aab786739fdd13ea89","MITxPRO+AMxB+1T2018","problem","Question #1","2271b4175af14d2aba281c0c130c6c98","Lamination (30 min)","6bda96cc20ea416c8fbaf845d7af08b1","Week 2: Additive Manufacturing Processes (5 hrs)",337,1,1,1,7,2.16666666666667,4,3,2,5,3,1,1,NA,NA,NA,NA,NA,NA,NA,NA,"a959793"
"57aea84c635d4c42bdea24fcad7ddc04","MITxPRO+AMxB+1T2018","problem","Question #2","2271b4175af14d2aba281c0c130c6c98","Lamination (30 min)","6bda96cc20ea416c8fbaf845d7af08b1","Week 2: Additive Manufacturing Processes (5 hrs)",338,1,1,1,3,0.666666666666667,1,2,1,2,2,1,1,NA,NA,NA,NA,NA,NA,NA,NA,"a959793"
"7caa315a66164f50bd8b97b0f43dba18","MITxPRO+AMxB+1T2018","problem","Question #3","2271b4175af14d2aba281c0c130c6c98","Lamination (30 min)","6bda96cc20ea416c8fbaf845d7af08b1","Week 2: Additive Manufacturing Processes (5 hrs)",339,1,1,1,3,0.8,1,2,0,3,2,1,1,NA,NA,NA,NA,NA,NA,NA,NA,"a959793"
"aef4930d74cd48de8d774741083e54bc","MITxPRO+AMxB+1T2018","problem","Question #4","2271b4175af14d2aba281c0c130c6c98","Lamination (30 min)","6bda96cc20ea416c8fbaf845d7af08b1","Week 2: Additive Manufacturing Processes (5 hrs)",340,1,1,1,6,0.766666666666667,0,6,0,6,5,2,0,NA,NA,NA,NA,NA,NA,NA,NA,"a959793"
"c15d118c7742410aa670b99d4f796785","MITxPRO+AMxB+1T2018","problem","Question #5","2271b4175af14d2aba281c0c130c6c98","Lamination (30 min)","6bda96cc20ea416c8fbaf845d7af08b1","Week 2: Additive Manufacturing Processes (5 hrs)",341,1,1,1,3,1.06666666666667,1,2,0,3,2,1,0,NA,NA,NA,NA,NA,NA,NA,NA,"a959793"
"d4351e91190f4e08b308ceb76aa5cf06","MITxPRO+AMxB+1T2018","problem","Question #6","2271b4175af14d2aba281c0c130c6c98","Lamination (30 min)","6bda96cc20ea416c8fbaf845d7af08b1","Week 2: Additive Manufacturing Processes (5 hrs)",342,1,1,1,3,0.266666666666667,1,2,0,3,2,1,1,NA,NA,NA,NA,NA,NA,NA,NA,"a959793"
"efad98624b054b5fbe2cc340e3df324d","MITxPRO+AMxB+1T2018","html",NA,"431529d11c7247caa4dd184de11b0c39","Welcome to Week 3 (5 min)","aac9ff5e29434d098e2820d7337c7e04","Week 3: Applications of Additive Manufacturing (5 hrs)",346,1,1,1,3,2.01666666666667,0,3,2,1,1,NA,NA,NA,NA,NA,NA,NA,NA,NA,NA,"a959793"
"09fe06fcddb044dbb16b33ff6fbdde1c","MITxPRO+AMxB+1T2018","html",NA,"431529d11c7247caa4dd184de11b0c39","Welcome to Week 3 (5 min)","aac9ff5e29434d098e2820d7337c7e04","Week 3: Applications of Additive Manufacturing (5 hrs)",347,0,0,0,0,0,0,0,0,0,0,NA,NA,NA,NA,NA,NA,NA,NA,NA,NA,"a959793"
"c9543052dcba40b58909ec53da262aaa","MITxPRO+AMxB+1T2018","html",NA,"01d3970358a742adba64112f8ffc61c7","The Application Potential of AM","aac9ff5e29434d098e2820d7337c7e04","Week 3: Applications of Additive Manufacturing (5 hrs)",350,1,1,1,2,0.233333333333334,1,1,2,0,0,NA,NA,NA,NA,NA,NA,NA,NA,NA,NA,"a959793"
"3d412537e19344628642e97d2a0d1e3e","MITxPRO+AMxB+1T2018","video","Framing the Application of Potential of AM","01d3970358a742adba64112f8ffc61c7","The Application Potential of AM","aac9ff5e29434d098e2820d7337c7e04","Week 3: Applications of Additive Manufacturing (5 hrs)",351,1,1,1,11,8.46666666666667,1,10,1,10,10,NA,NA,NA,NA,3,3.46666666666666,3,4,3,0.366666666666667,"a959793"
"754173802659463ea74eee4d359bc6fc","MITxPRO+AMxB+1T2018","html",NA,"01d3970358a742adba64112f8ffc61c7","The Application Potential of AM","aac9ff5e29434d098e2820d7337c7e04","Week 3: Applications of Additive Manufacturing (5 hrs)",352,0,0,0,0,0,0,0,0,0,0,NA,NA,NA,NA,NA,NA,NA,NA,NA,NA,"a959793"
"27a8801c431c4cc58d69b8ff02121f29","MITxPRO+AMxB+1T2018","problem","Question #1","01d3970358a742adba64112f8ffc61c7","The Application Potential of AM","aac9ff5e29434d098e2820d7337c7e04","Week 3: Applications of Additive Manufacturing (5 hrs)",353,1,1,1,3,0.55,1,2,1,2,2,1,1,NA,NA,NA,NA,NA,NA,NA,NA,"a959793"
"c916a881ccf146b68ec3e4781195bbd1","MITxPRO+AMxB+1T2018","html",NA,"01d3970358a742adba64112f8ffc61c7","The Application Potential of AM","aac9ff5e29434d098e2820d7337c7e04","Week 3: Applications of Additive Manufacturing (5 hrs)",354,0,0,0,0,0,0,0,0,0,0,NA,NA,NA,NA,NA,NA,NA,NA,NA,NA,"a959793"
"4037cb08917c43238c4691dbe8895637","MITxPRO+AMxB+1T2018","html",NA,"01d3970358a742adba64112f8ffc61c7","The Application Potential of AM","aac9ff5e29434d098e2820d7337c7e04","Week 3: Applications of Additive Manufacturing (5 hrs)",356,1,1,1,3,14.2666666666667,2,1,2,1,0,NA,NA,NA,NA,NA,NA,NA,NA,NA,NA,"a959793"
"d5172470b4d443d7ba479af419b4f99b","MITxPRO+AMxB+1T2018","video","Establishing a Business Case for AM","01d3970358a742adba64112f8ffc61c7","The Application Potential of AM","aac9ff5e29434d098e2820d7337c7e04","Week 3: Applications of Additive Manufacturing (5 hrs)",357,1,1,1,9,11.7166666666667,1,8,1,8,8,NA,NA,NA,NA,4,7.18333333333333,4,4.53333333333334,NA,NA,"a959793"
"c4a55bdf46eb40b1b10adc7df324e1f5","MITxPRO+AMxB+1T2018","html",NA,"01d3970358a742adba64112f8ffc61c7","The Application Potential of AM","aac9ff5e29434d098e2820d7337c7e04","Week 3: Applications of Additive Manufacturing (5 hrs)",358,0,0,0,0,0,0,0,0,0,0,NA,NA,NA,NA,NA,NA,NA,NA,NA,NA,"a959793"
"f016c0f54ab84871a0700aa16ee7fa28","MITxPRO+AMxB+1T2018","html",NA,"01d3970358a742adba64112f8ffc61c7","The Application Potential of AM","aac9ff5e29434d098e2820d7337c7e04","Week 3: Applications of Additive Manufacturing (5 hrs)",359,0,0,0,0,0,0,0,0,0,0,NA,NA,NA,NA,NA,NA,NA,NA,NA,NA,"a959793"
"310bb0618ec84817970f0320c6051b92","MITxPRO+AMxB+1T2018","problem","Question #1","01d3970358a742adba64112f8ffc61c7","The Application Potential of AM","aac9ff5e29434d098e2820d7337c7e04","Week 3: Applications of Additive Manufacturing (5 hrs)",360,1,1,1,3,0.216666666666667,0,3,0,3,2,1,1,NA,NA,NA,NA,NA,NA,NA,NA,"a959793"
"cc6de24a16d54830beca01a4787a5b4d","MITxPRO+AMxB+1T2018","problem","Question #2","01d3970358a742adba64112f8ffc61c7","The Application Potential of AM","aac9ff5e29434d098e2820d7337c7e04","Week 3: Applications of Additive Manufacturing (5 hrs)",361,1,1,1,6,1.18333333333333,0,6,0,6,5,2,1,NA,NA,NA,NA,NA,NA,NA,NA,"a959793"
"20aaaaf046c347828ff18e07bfc3ab4f","MITxPRO+AMxB+1T2018","problem","Question #3","01d3970358a742adba64112f8ffc61c7","The Application Potential of AM","aac9ff5e29434d098e2820d7337c7e04","Week 3: Applications of Additive Manufacturing (5 hrs)",362,1,1,1,3,0.516666666666667,1,2,0,3,2,1,1,NA,NA,NA,NA,NA,NA,NA,NA,"a959793"
"5cc9c5960b654f42829ef46a9c3a1444","MITxPRO+AMxB+1T2018","html",NA,"72b9db0a685b43bb92025e36a1944d51","Prototyping (40 min)","aac9ff5e29434d098e2820d7337c7e04","Week 3: Applications of Additive Manufacturing (5 hrs)",365,1,1,1,1,3.76666666666667,1,0,1,0,0,NA,NA,NA,NA,NA,NA,NA,NA,NA,NA,"a959793"
"f258df5b93ec4688a59d208391ca6a7f","MITxPRO+AMxB+1T2018","html",NA,"72b9db0a685b43bb92025e36a1944d51","Prototyping (40 min)","aac9ff5e29434d098e2820d7337c7e04","Week 3: Applications of Additive Manufacturing (5 hrs)",367,1,1,1,1,3.33333333333333,1,0,1,0,0,NA,NA,NA,NA,NA,NA,NA,NA,NA,NA,"a959793"
"c41b9b59311243a1bbe7af884c0ab883","MITxPRO+AMxB+1T2018","html",NA,"72b9db0a685b43bb92025e36a1944d51","Prototyping (40 min)","aac9ff5e29434d098e2820d7337c7e04","Week 3: Applications of Additive Manufacturing (5 hrs)",369,1,1,1,1,0.933333333333333,1,0,1,0,0,NA,NA,NA,NA,NA,NA,NA,NA,NA,NA,"a959793"
"b233e1e427114fad9d1e90757aeb33cd","MITxPRO+AMxB+1T2018","html",NA,"72b9db0a685b43bb92025e36a1944d51","Prototyping (40 min)","aac9ff5e29434d098e2820d7337c7e04","Week 3: Applications of Additive Manufacturing (5 hrs)",371,1,1,1,1,3.18333333333333,1,0,1,0,0,NA,NA,NA,NA,NA,NA,NA,NA,NA,NA,"a959793"
"8feb7788f1184ed2ad654a08738e6e3b","MITxPRO+AMxB+1T2018","html",NA,"72b9db0a685b43bb92025e36a1944d51","Prototyping (40 min)","aac9ff5e29434d098e2820d7337c7e04","Week 3: Applications of Additive Manufacturing (5 hrs)",373,1,1,1,1,0.666666666666667,1,0,0,1,0,NA,NA,NA,NA,NA,NA,NA,NA,NA,NA,"a959793"
"2d680713e46d48f1a8483813fdf8eaad","MITxPRO+AMxB+1T2018","video","Virtual Surgical Planning ","72b9db0a685b43bb92025e36a1944d51","Prototyping (40 min)","aac9ff5e29434d098e2820d7337c7e04","Week 3: Applications of Additive Manufacturing (5 hrs)",374,1,1,1,3,1.06666666666667,1,2,1,2,2,NA,NA,NA,NA,1,0.95,1,0.116666666666667,NA,NA,"a959793"
"c662ca6bf6ce446fa8ee92f993cb42bd","MITxPRO+AMxB+1T2018","html",NA,"72b9db0a685b43bb92025e36a1944d51","Prototyping (40 min)","aac9ff5e29434d098e2820d7337c7e04","Week 3: Applications of Additive Manufacturing (5 hrs)",375,0,0,0,0,0,0,0,0,0,0,NA,NA,NA,NA,NA,NA,NA,NA,NA,NA,"a959793"
"d88b1dd362154e4783fa29ef8cc2fd69","MITxPRO+AMxB+1T2018","video","Video","72b9db0a685b43bb92025e36a1944d51","Prototyping (40 min)","aac9ff5e29434d098e2820d7337c7e04","Week 3: Applications of Additive Manufacturing (5 hrs)",376,1,1,1,3,1.21666666666667,1,2,1,2,2,NA,NA,NA,NA,1,1.16666666666667,1,0.05,NA,NA,"a959793"
"664871c85f90481e8ce08ed81e13204f","MITxPRO+AMxB+1T2018","html",NA,"72b9db0a685b43bb92025e36a1944d51","Prototyping (40 min)","aac9ff5e29434d098e2820d7337c7e04","Week 3: Applications of Additive Manufacturing (5 hrs)",378,1,1,1,1,0.633333333333333,1,0,1,0,0,NA,NA,NA,NA,NA,NA,NA,NA,NA,NA,"a959793"
"addc582e93ef43d5a647d5a27f89866e","MITxPRO+AMxB+1T2018","video","Video","72b9db0a685b43bb92025e36a1944d51","Prototyping (40 min)","aac9ff5e29434d098e2820d7337c7e04","Week 3: Applications of Additive Manufacturing (5 hrs)",379,1,1,1,2,7.9,1,1,2,0,0,NA,NA,NA,NA,1,2.56666666666667,NA,NA,NA,NA,"a959793"
"e0c99d2be84f4d4caf2352d0f048c0ce","MITxPRO+AMxB+1T2018","html","IFrame Tool","72b9db0a685b43bb92025e36a1944d51","Prototyping (40 min)","aac9ff5e29434d098e2820d7337c7e04","Week 3: Applications of Additive Manufacturing (5 hrs)",381,1,1,1,1,44.5666666666667,1,0,1,0,0,NA,NA,NA,NA,NA,NA,NA,NA,NA,NA,"a959793"
"bf82c8fce82849deb2c0c18f79aba303","MITxPRO+AMxB+1T2018","html",NA,"b24b334580c3461a95dc31695ac131a7","Tooling (40 min)","aac9ff5e29434d098e2820d7337c7e04","Week 3: Applications of Additive Manufacturing (5 hrs)",384,1,1,1,1,0.783333333333333,0,1,1,0,0,NA,NA,NA,NA,NA,NA,NA,NA,NA,NA,"a959793"
"3b4a95cbe05a4f9eb146b42e2744f820","MITxPRO+AMxB+1T2018","html",NA,"b24b334580c3461a95dc31695ac131a7","Tooling (40 min)","aac9ff5e29434d098e2820d7337c7e04","Week 3: Applications of Additive Manufacturing (5 hrs)",385,0,0,0,0,0,0,0,0,0,0,NA,NA,NA,NA,NA,NA,NA,NA,NA,NA,"a959793"
"ba8fc22784274180b82fd5ce5c8fcfa5","MITxPRO+AMxB+1T2018","video","Volkswagen: 3D printed production jigs and fixtures","b24b334580c3461a95dc31695ac131a7","Tooling (40 min)","aac9ff5e29434d098e2820d7337c7e04","Week 3: Applications of Additive Manufacturing (5 hrs)",386,0,0,0,0,0,0,0,0,0,0,NA,NA,NA,NA,NA,NA,NA,NA,NA,NA,"a959793"
"96f20d8fc3954ca28da0c2f40d965c44","MITxPRO+AMxB+1T2018","html",NA,"b24b334580c3461a95dc31695ac131a7","Tooling (40 min)","aac9ff5e29434d098e2820d7337c7e04","Week 3: Applications of Additive Manufacturing (5 hrs)",387,0,0,0,0,0,0,0,0,0,0,NA,NA,NA,NA,NA,NA,NA,NA,NA,NA,"a959793"
"d1a13ee8ec1a4b1cb01b63a69b48a8a0","MITxPRO+AMxB+1T2018","html",NA,"b24b334580c3461a95dc31695ac131a7","Tooling (40 min)","aac9ff5e29434d098e2820d7337c7e04","Week 3: Applications of Additive Manufacturing (5 hrs)",388,0,0,0,0,0,0,0,0,0,0,NA,NA,NA,NA,NA,NA,NA,NA,NA,NA,"a959793"
"30aea0ab9d50468387ce90b94ce24b88","MITxPRO+AMxB+1T2018","html",NA,"b24b334580c3461a95dc31695ac131a7","Tooling (40 min)","aac9ff5e29434d098e2820d7337c7e04","Week 3: Applications of Additive Manufacturing (5 hrs)",390,1,1,1,2,2.08333333333334,1,1,2,0,0,NA,NA,NA,NA,NA,NA,NA,NA,NA,NA,"a959793"
"a30c1e8242864e299e15046983824275","MITxPRO+AMxB+1T2018","video","Drill Jigs and Alignment Tools","b24b334580c3461a95dc31695ac131a7","Tooling (40 min)","aac9ff5e29434d098e2820d7337c7e04","Week 3: Applications of Additive Manufacturing (5 hrs)",391,0,0,0,0,0,0,0,0,0,0,NA,NA,NA,NA,NA,NA,NA,NA,NA,NA,"a959793"
"6897f90f4ca8449ba79c118c950f687c","MITxPRO+AMxB+1T2018","html",NA,"b24b334580c3461a95dc31695ac131a7","Tooling (40 min)","aac9ff5e29434d098e2820d7337c7e04","Week 3: Applications of Additive Manufacturing (5 hrs)",392,0,0,0,0,0,0,0,0,0,0,NA,NA,NA,NA,NA,NA,NA,NA,NA,NA,"a959793"
"e784ed97530e489e8c66e605160dae31","MITxPRO+AMxB+1T2018","html",NA,"b24b334580c3461a95dc31695ac131a7","Tooling (40 min)","aac9ff5e29434d098e2820d7337c7e04","Week 3: Applications of Additive Manufacturing (5 hrs)",394,1,1,1,2,0.183333333333333,1,1,1,1,0,NA,NA,NA,NA,NA,NA,NA,NA,NA,NA,"a959793"
"f2b6b34950d14e27b69d8148625786aa","MITxPRO+AMxB+1T2018","video","Video","b24b334580c3461a95dc31695ac131a7","Tooling (40 min)","aac9ff5e29434d098e2820d7337c7e04","Week 3: Applications of Additive Manufacturing (5 hrs)",395,0,0,0,0,0,0,0,0,0,0,NA,NA,NA,NA,NA,NA,NA,NA,NA,NA,"a959793"
"d4e8a2ffb6d2487d81f32755f54763a1","MITxPRO+AMxB+1T2018","html",NA,"b24b334580c3461a95dc31695ac131a7","Tooling (40 min)","aac9ff5e29434d098e2820d7337c7e04","Week 3: Applications of Additive Manufacturing (5 hrs)",397,1,1,1,1,2.06666666666667,1,0,0,1,0,NA,NA,NA,NA,NA,NA,NA,NA,NA,NA,"a959793"
"710ef03139064547b922337168273519","MITxPRO+AMxB+1T2018","html",NA,"b24b334580c3461a95dc31695ac131a7","Tooling (40 min)","aac9ff5e29434d098e2820d7337c7e04","Week 3: Applications of Additive Manufacturing (5 hrs)",399,0,0,0,0,0,0,0,0,0,0,NA,NA,NA,NA,NA,NA,NA,NA,NA,NA,"a959793"
"497ff981f4384b3897c43a1b51306d5d","MITxPRO+AMxB+1T2018","html",NA,"b24b334580c3461a95dc31695ac131a7","Tooling (40 min)","aac9ff5e29434d098e2820d7337c7e04","Week 3: Applications of Additive Manufacturing (5 hrs)",401,0,0,0,0,0,0,0,0,0,0,NA,NA,NA,NA,NA,NA,NA,NA,NA,NA,"a959793"
"a8a6f24cb40a41c9bdc03d5c03dd8b0f","MITxPRO+AMxB+1T2018","video","","b24b334580c3461a95dc31695ac131a7","Tooling (40 min)","aac9ff5e29434d098e2820d7337c7e04","Week 3: Applications of Additive Manufacturing (5 hrs)",402,0,0,0,0,0,0,0,0,0,0,NA,NA,NA,NA,NA,NA,NA,NA,NA,NA,"a959793"
"db237ab31dde4fc79528b05fdc509093","MITxPRO+AMxB+1T2018","html",NA,"b24b334580c3461a95dc31695ac131a7","Tooling (40 min)","aac9ff5e29434d098e2820d7337c7e04","Week 3: Applications of Additive Manufacturing (5 hrs)",403,0,0,0,0,0,0,0,0,0,0,NA,NA,NA,NA,NA,NA,NA,NA,NA,NA,"a959793"
"2c4f75b4b1b14a188818a152373f8937","MITxPRO+AMxB+1T2018","video","","b24b334580c3461a95dc31695ac131a7","Tooling (40 min)","aac9ff5e29434d098e2820d7337c7e04","Week 3: Applications of Additive Manufacturing (5 hrs)",404,0,0,0,0,0,0,0,0,0,0,NA,NA,NA,NA,NA,NA,NA,NA,NA,NA,"a959793"
"b2fb985942164114bc97d28d44392f36","MITxPRO+AMxB+1T2018","html",NA,"b24b334580c3461a95dc31695ac131a7","Tooling (40 min)","aac9ff5e29434d098e2820d7337c7e04","Week 3: Applications of Additive Manufacturing (5 hrs)",405,0,0,0,0,0,0,0,0,0,0,NA,NA,NA,NA,NA,NA,NA,NA,NA,NA,"a959793"
"435c50e639064849be9ac4671ceaf812","MITxPRO+AMxB+1T2018","html",NA,"b24b334580c3461a95dc31695ac131a7","Tooling (40 min)","aac9ff5e29434d098e2820d7337c7e04","Week 3: Applications of Additive Manufacturing (5 hrs)",407,0,0,0,0,0,0,0,0,0,0,NA,NA,NA,NA,NA,NA,NA,NA,NA,NA,"a959793"
"38339eee0f2d4f3e95160fb4f1e6f866","MITxPRO+AMxB+1T2018","video","","b24b334580c3461a95dc31695ac131a7","Tooling (40 min)","aac9ff5e29434d098e2820d7337c7e04","Week 3: Applications of Additive Manufacturing (5 hrs)",408,0,0,0,0,0,0,0,0,0,0,NA,NA,NA,NA,NA,NA,NA,NA,NA,NA,"a959793"
"de09416fa74b4a74a17fa0aa35623cd5","MITxPRO+AMxB+1T2018","html",NA,"b24b334580c3461a95dc31695ac131a7","Tooling (40 min)","aac9ff5e29434d098e2820d7337c7e04","Week 3: Applications of Additive Manufacturing (5 hrs)",409,0,0,0,0,0,0,0,0,0,0,NA,NA,NA,NA,NA,NA,NA,NA,NA,NA,"a959793"
"5c5e14d8f5954d3cb439d07763a828be","MITxPRO+AMxB+1T2018","html",NA,"b24b334580c3461a95dc31695ac131a7","Tooling (40 min)","aac9ff5e29434d098e2820d7337c7e04","Week 3: Applications of Additive Manufacturing (5 hrs)",410,0,0,0,0,0,0,0,0,0,0,NA,NA,NA,NA,NA,NA,NA,NA,NA,NA,"a959793"
"d2749283e4b340d0afecbf669539f1fd","MITxPRO+AMxB+1T2018","html",NA,"b24b334580c3461a95dc31695ac131a7","Tooling (40 min)","aac9ff5e29434d098e2820d7337c7e04","Week 3: Applications of Additive Manufacturing (5 hrs)",412,0,0,0,0,0,0,0,0,0,0,NA,NA,NA,NA,NA,NA,NA,NA,NA,NA,"a959793"
"9e71015683e549b5b13c178144b1531f","MITxPRO+AMxB+1T2018","video","Modular Vacuum Mold Tool","b24b334580c3461a95dc31695ac131a7","Tooling (40 min)","aac9ff5e29434d098e2820d7337c7e04","Week 3: Applications of Additive Manufacturing (5 hrs)",413,0,0,0,0,0,0,0,0,0,0,NA,NA,NA,NA,NA,NA,NA,NA,NA,NA,"a959793"
"c559d7857b074363b531f217af72e550","MITxPRO+AMxB+1T2018","html",NA,"32cf52044c75477789aabb072fe90ebf","Performance Improvement (40 min)","aac9ff5e29434d098e2820d7337c7e04","Week 3: Applications of Additive Manufacturing (5 hrs)",416,0,0,0,0,0,0,0,0,0,0,NA,NA,NA,NA,NA,NA,NA,NA,NA,NA,"a959793"
"546eff2213874a0cbc23226674b6f319","MITxPRO+AMxB+1T2018","html",NA,"32cf52044c75477789aabb072fe90ebf","Performance Improvement (40 min)","aac9ff5e29434d098e2820d7337c7e04","Week 3: Applications of Additive Manufacturing (5 hrs)",418,0,0,0,0,0,0,0,0,0,0,NA,NA,NA,NA,NA,NA,NA,NA,NA,NA,"a959793"
"e18a31353b7449269f22f20c5df9c811","MITxPRO+AMxB+1T2018","html",NA,"32cf52044c75477789aabb072fe90ebf","Performance Improvement (40 min)","aac9ff5e29434d098e2820d7337c7e04","Week 3: Applications of Additive Manufacturing (5 hrs)",420,0,0,0,0,0,0,0,0,0,0,NA,NA,NA,NA,NA,NA,NA,NA,NA,NA,"a959793"
"f5370532182c49ceb5391472d9b0ecdf","MITxPRO+AMxB+1T2018","html",NA,"32cf52044c75477789aabb072fe90ebf","Performance Improvement (40 min)","aac9ff5e29434d098e2820d7337c7e04","Week 3: Applications of Additive Manufacturing (5 hrs)",422,0,0,0,0,0,0,0,0,0,0,NA,NA,NA,NA,NA,NA,NA,NA,NA,NA,"a959793"
"3a554abb22514705b007afaefd8b4dbe","MITxPRO+AMxB+1T2018","video","","32cf52044c75477789aabb072fe90ebf","Performance Improvement (40 min)","aac9ff5e29434d098e2820d7337c7e04","Week 3: Applications of Additive Manufacturing (5 hrs)",423,0,0,0,0,0,0,0,0,0,0,NA,NA,NA,NA,NA,NA,NA,NA,NA,NA,"a959793"
"64b053502090498e8d5288c1c54d446c","MITxPRO+AMxB+1T2018","html",NA,"32cf52044c75477789aabb072fe90ebf","Performance Improvement (40 min)","aac9ff5e29434d098e2820d7337c7e04","Week 3: Applications of Additive Manufacturing (5 hrs)",424,0,0,0,0,0,0,0,0,0,0,NA,NA,NA,NA,NA,NA,NA,NA,NA,NA,"a959793"
"a53b7c4751e54b6ba92d7d717d7832b4","MITxPRO+AMxB+1T2018","html",NA,"32cf52044c75477789aabb072fe90ebf","Performance Improvement (40 min)","aac9ff5e29434d098e2820d7337c7e04","Week 3: Applications of Additive Manufacturing (5 hrs)",426,0,0,0,0,0,0,0,0,0,0,NA,NA,NA,NA,NA,NA,NA,NA,NA,NA,"a959793"
"161d2152d71f49ba83c179bd4e9776a9","MITxPRO+AMxB+1T2018","video","Hip Implants ","32cf52044c75477789aabb072fe90ebf","Performance Improvement (40 min)","aac9ff5e29434d098e2820d7337c7e04","Week 3: Applications of Additive Manufacturing (5 hrs)",427,0,0,0,0,0,0,0,0,0,0,NA,NA,NA,NA,NA,NA,NA,NA,NA,NA,"a959793"
"78f63de28aca4369bd546952a12d5a3a","MITxPRO+AMxB+1T2018","html",NA,"32cf52044c75477789aabb072fe90ebf","Performance Improvement (40 min)","aac9ff5e29434d098e2820d7337c7e04","Week 3: Applications of Additive Manufacturing (5 hrs)",428,0,0,0,0,0,0,0,0,0,0,NA,NA,NA,NA,NA,NA,NA,NA,NA,NA,"a959793"
"782ff5a3836649daac5744758b0831b0","MITxPRO+AMxB+1T2018","html",NA,"32cf52044c75477789aabb072fe90ebf","Performance Improvement (40 min)","aac9ff5e29434d098e2820d7337c7e04","Week 3: Applications of Additive Manufacturing (5 hrs)",429,0,0,0,0,0,0,0,0,0,0,NA,NA,NA,NA,NA,NA,NA,NA,NA,NA,"a959793"
"c7f66c9d94af4eb79199eb210b254651","MITxPRO+AMxB+1T2018","html",NA,"32cf52044c75477789aabb072fe90ebf","Performance Improvement (40 min)","aac9ff5e29434d098e2820d7337c7e04","Week 3: Applications of Additive Manufacturing (5 hrs)",431,0,0,0,0,0,0,0,0,0,0,NA,NA,NA,NA,NA,NA,NA,NA,NA,NA,"a959793"
"a7de78439b5c42efa09209a47de6e960","MITxPRO+AMxB+1T2018","video","Part Consolidation: General Electric ","32cf52044c75477789aabb072fe90ebf","Performance Improvement (40 min)","aac9ff5e29434d098e2820d7337c7e04","Week 3: Applications of Additive Manufacturing (5 hrs)",432,0,0,0,0,0,0,0,0,0,0,NA,NA,NA,NA,NA,NA,NA,NA,NA,NA,"a959793"
"5f4a737d4d744b21a68e7f81caaaa00c","MITxPRO+AMxB+1T2018","problem","Question #1","5da379964a0d4dba99d05e523b9e40ef","Mid-Week Concept Questions (20 min)","aac9ff5e29434d098e2820d7337c7e04","Week 3: Applications of Additive Manufacturing (5 hrs)",435,1,4,4,16,16.7666666666667,0,16,5,11,10,2,1,NA,NA,NA,NA,NA,NA,NA,NA,"a959793"
"cd8f0da1ce0040ce994e2bf3c1a061fa","MITxPRO+AMxB+1T2018","problem","Question #2","5da379964a0d4dba99d05e523b9e40ef","Mid-Week Concept Questions (20 min)","aac9ff5e29434d098e2820d7337c7e04","Week 3: Applications of Additive Manufacturing (5 hrs)",436,1,2,2,4,3.91666666666666,1,3,1,3,3,1,1,NA,NA,NA,NA,NA,NA,NA,NA,"a959793"
"455f653fdfbb43baabd2860fcd435d8e","MITxPRO+AMxB+1T2018","problem","Question #3","5da379964a0d4dba99d05e523b9e40ef","Mid-Week Concept Questions (20 min)","aac9ff5e29434d098e2820d7337c7e04","Week 3: Applications of Additive Manufacturing (5 hrs)",437,1,1,1,3,1.31666666666667,1,2,1,2,2,1,1,NA,NA,NA,NA,NA,NA,NA,NA,"a959793"
"9266f5048e2648e8a0dcea19009c7c92","MITxPRO+AMxB+1T2018","problem","Question #4","5da379964a0d4dba99d05e523b9e40ef","Mid-Week Concept Questions (20 min)","aac9ff5e29434d098e2820d7337c7e04","Week 3: Applications of Additive Manufacturing (5 hrs)",438,1,1,1,3,0.433333333333334,1,2,0,3,2,1,1,NA,NA,NA,NA,NA,NA,NA,NA,"a959793"
"6d9d7fa80bb24111ac8b77071d6b072d","MITxPRO+AMxB+1T2018","problem","Question #5","5da379964a0d4dba99d05e523b9e40ef","Mid-Week Concept Questions (20 min)","aac9ff5e29434d098e2820d7337c7e04","Week 3: Applications of Additive Manufacturing (5 hrs)",439,0,0,0,0,0,0,0,0,0,0,NA,NA,NA,NA,NA,NA,NA,NA,NA,NA,"a959793"
"d8c12f5115f843179f92f6a018e05dc8","MITxPRO+AMxB+1T2018","problem","Question #6","5da379964a0d4dba99d05e523b9e40ef","Mid-Week Concept Questions (20 min)","aac9ff5e29434d098e2820d7337c7e04","Week 3: Applications of Additive Manufacturing (5 hrs)",440,1,2,1,4,12.5666666666667,2,2,1,3,2,1,0,NA,NA,NA,NA,NA,NA,NA,NA,"a959793"
"bd6795cfc41241159ab06425ce1bf3d7","MITxPRO+AMxB+1T2018","html",NA,"6830cb3f7df0499caaf35977ae9bddab","Production (40 min)","aac9ff5e29434d098e2820d7337c7e04","Week 3: Applications of Additive Manufacturing (5 hrs)",443,0,0,0,0,0,0,0,0,0,0,NA,NA,NA,NA,NA,NA,NA,NA,NA,NA,"a959793"
"8623fd98364040069d25c8e158c77fff","MITxPRO+AMxB+1T2018","html",NA,"6830cb3f7df0499caaf35977ae9bddab","Production (40 min)","aac9ff5e29434d098e2820d7337c7e04","Week 3: Applications of Additive Manufacturing (5 hrs)",445,0,0,0,0,0,0,0,0,0,0,NA,NA,NA,NA,NA,NA,NA,NA,NA,NA,"a959793"
"c1decbb7d1cc46d3b662207a884ac71e","MITxPRO+AMxB+1T2018","video","787 Galley Fitting ","6830cb3f7df0499caaf35977ae9bddab","Production (40 min)","aac9ff5e29434d098e2820d7337c7e04","Week 3: Applications of Additive Manufacturing (5 hrs)",446,0,0,0,0,0,0,0,0,0,0,NA,NA,NA,NA,NA,NA,NA,NA,NA,NA,"a959793"
"c26ae7f6e4004d36a959daa7448fab45","MITxPRO+AMxB+1T2018","html",NA,"6830cb3f7df0499caaf35977ae9bddab","Production (40 min)","aac9ff5e29434d098e2820d7337c7e04","Week 3: Applications of Additive Manufacturing (5 hrs)",448,0,0,0,0,0,0,0,0,0,0,NA,NA,NA,NA,NA,NA,NA,NA,NA,NA,"a959793"
"10851985f5a44e618592bad22e719a80","MITxPRO+AMxB+1T2018","video","Futurecraft Sneakers","6830cb3f7df0499caaf35977ae9bddab","Production (40 min)","aac9ff5e29434d098e2820d7337c7e04","Week 3: Applications of Additive Manufacturing (5 hrs)",449,0,0,0,0,0,0,0,0,0,0,NA,NA,NA,NA,NA,NA,NA,NA,NA,NA,"a959793"
"305d151f07e84e62933b3f7ca7498b37","MITxPRO+AMxB+1T2018","html",NA,"6830cb3f7df0499caaf35977ae9bddab","Production (40 min)","aac9ff5e29434d098e2820d7337c7e04","Week 3: Applications of Additive Manufacturing (5 hrs)",450,0,0,0,0,0,0,0,0,0,0,NA,NA,NA,NA,NA,NA,NA,NA,NA,NA,"a959793"
"61726452154f4dfb8d7de5fbf5555548","MITxPRO+AMxB+1T2018","html",NA,"6830cb3f7df0499caaf35977ae9bddab","Production (40 min)","aac9ff5e29434d098e2820d7337c7e04","Week 3: Applications of Additive Manufacturing (5 hrs)",452,0,0,0,0,0,0,0,0,0,0,NA,NA,NA,NA,NA,NA,NA,NA,NA,NA,"a959793"
"dc5e8bc347d747b0903d532e2eb2b2ab","MITxPRO+AMxB+1T2018","video","BMW i8 hinge bracket","6830cb3f7df0499caaf35977ae9bddab","Production (40 min)","aac9ff5e29434d098e2820d7337c7e04","Week 3: Applications of Additive Manufacturing (5 hrs)",453,0,0,0,0,0,0,0,0,0,0,NA,NA,NA,NA,NA,NA,NA,NA,NA,NA,"a959793"
"a1f114304978438cb641a1b5d486f4e3","MITxPRO+AMxB+1T2018","html",NA,"6830cb3f7df0499caaf35977ae9bddab","Production (40 min)","aac9ff5e29434d098e2820d7337c7e04","Week 3: Applications of Additive Manufacturing (5 hrs)",454,0,0,0,0,0,0,0,0,0,0,NA,NA,NA,NA,NA,NA,NA,NA,NA,NA,"a959793"
"62cbc113929543d38366051588f49388","MITxPRO+AMxB+1T2018","html",NA,"6830cb3f7df0499caaf35977ae9bddab","Production (40 min)","aac9ff5e29434d098e2820d7337c7e04","Week 3: Applications of Additive Manufacturing (5 hrs)",455,0,0,0,0,0,0,0,0,0,0,NA,NA,NA,NA,NA,NA,NA,NA,NA,NA,"a959793"
"4582c3c3aaca48bd9946e825dcad6a65","MITxPRO+AMxB+1T2018","html",NA,"6830cb3f7df0499caaf35977ae9bddab","Production (40 min)","aac9ff5e29434d098e2820d7337c7e04","Week 3: Applications of Additive Manufacturing (5 hrs)",457,0,0,0,0,0,0,0,0,0,0,NA,NA,NA,NA,NA,NA,NA,NA,NA,NA,"a959793"
"968d0ef03f3e4528957b15a5a2d9d88e","MITxPRO+AMxB+1T2018","video","Selective Laser Melting of the Bugatti Chiron Brake Caliper","6830cb3f7df0499caaf35977ae9bddab","Production (40 min)","aac9ff5e29434d098e2820d7337c7e04","Week 3: Applications of Additive Manufacturing (5 hrs)",458,0,0,0,0,0,0,0,0,0,0,NA,NA,NA,NA,NA,NA,NA,NA,NA,NA,"a959793"
"83e10dd54b124d7e9da59881a2f7557a","MITxPRO+AMxB+1T2018","html",NA,"6830cb3f7df0499caaf35977ae9bddab","Production (40 min)","aac9ff5e29434d098e2820d7337c7e04","Week 3: Applications of Additive Manufacturing (5 hrs)",460,0,0,0,0,0,0,0,0,0,0,NA,NA,NA,NA,NA,NA,NA,NA,NA,NA,"a959793"
"0809efd87b0c45139a1edc4cc58fd1f5","MITxPRO+AMxB+1T2018","html",NA,"6830cb3f7df0499caaf35977ae9bddab","Production (40 min)","aac9ff5e29434d098e2820d7337c7e04","Week 3: Applications of Additive Manufacturing (5 hrs)",462,0,0,0,0,0,0,0,0,0,0,NA,NA,NA,NA,NA,NA,NA,NA,NA,NA,"a959793"
"d1651d2f65e9428693a519450d5f321f","MITxPRO+AMxB+1T2018","html",NA,"7cc588945b8845e8a82155e6b89e8677","Customization and Personalization (30 min)","aac9ff5e29434d098e2820d7337c7e04","Week 3: Applications of Additive Manufacturing (5 hrs)",465,1,1,1,1,0.316666666666667,0,1,1,0,0,NA,NA,NA,NA,NA,NA,NA,NA,NA,NA,"a959793"
"b493f3f110234cfdabab9fc55ba06661","MITxPRO+AMxB+1T2018","html",NA,"7cc588945b8845e8a82155e6b89e8677","Customization and Personalization (30 min)","aac9ff5e29434d098e2820d7337c7e04","Week 3: Applications of Additive Manufacturing (5 hrs)",467,1,1,1,1,0.2,1,0,1,0,0,NA,NA,NA,NA,NA,NA,NA,NA,NA,NA,"a959793"
"0388b15dc0a94dd4a553c1df67123109","MITxPRO+AMxB+1T2018","video","","7cc588945b8845e8a82155e6b89e8677","Customization and Personalization (30 min)","aac9ff5e29434d098e2820d7337c7e04","Week 3: Applications of Additive Manufacturing (5 hrs)",468,0,0,0,0,0,0,0,0,0,0,NA,NA,NA,NA,NA,NA,NA,NA,NA,NA,"a959793"
"8a99f0d5d8164c528a85554f9184271b","MITxPRO+AMxB+1T2018","html",NA,"7cc588945b8845e8a82155e6b89e8677","Customization and Personalization (30 min)","aac9ff5e29434d098e2820d7337c7e04","Week 3: Applications of Additive Manufacturing (5 hrs)",469,0,0,0,0,0,0,0,0,0,0,NA,NA,NA,NA,NA,NA,NA,NA,NA,NA,"a959793"
"ab522985e16d436a970f0eda5c9a1591","MITxPRO+AMxB+1T2018","html",NA,"7cc588945b8845e8a82155e6b89e8677","Customization and Personalization (30 min)","aac9ff5e29434d098e2820d7337c7e04","Week 3: Applications of Additive Manufacturing (5 hrs)",471,1,1,1,1,0.316666666666667,1,0,1,0,0,NA,NA,NA,NA,NA,NA,NA,NA,NA,NA,"a959793"
"eb58bfe7027d4f70912c319251e6e417","MITxPRO+AMxB+1T2018","html",NA,"7cc588945b8845e8a82155e6b89e8677","Customization and Personalization (30 min)","aac9ff5e29434d098e2820d7337c7e04","Week 3: Applications of Additive Manufacturing (5 hrs)",473,1,1,1,1,0.0833333333333333,1,0,1,0,0,NA,NA,NA,NA,NA,NA,NA,NA,NA,NA,"a959793"
"0c92f804b6ee498091114e20947b5ca4","MITxPRO+AMxB+1T2018","html",NA,"7cc588945b8845e8a82155e6b89e8677","Customization and Personalization (30 min)","aac9ff5e29434d098e2820d7337c7e04","Week 3: Applications of Additive Manufacturing (5 hrs)",475,1,1,1,2,31.7166666666667,1,1,2,0,0,NA,NA,NA,NA,NA,NA,NA,NA,NA,NA,"a959793"
"2352eea7a7014e7990cfd2e3470795a2","MITxPRO+AMxB+1T2018","html",NA,"7cc588945b8845e8a82155e6b89e8677","Customization and Personalization (30 min)","aac9ff5e29434d098e2820d7337c7e04","Week 3: Applications of Additive Manufacturing (5 hrs)",477,1,2,2,4,1.55,1,3,1,3,2,NA,NA,NA,NA,NA,NA,NA,NA,NA,NA,"a959793"
"7d04272687d34281b60b3377d46cd231","MITxPRO+AMxB+1T2018","html",NA,"fbc9c34f4a3141da921c60263cda55f7","Spare Parts, Maintenance, and Repair (20 min)","aac9ff5e29434d098e2820d7337c7e04","Week 3: Applications of Additive Manufacturing (5 hrs)",480,1,1,1,1,0.0333333333333333,1,0,0,1,0,NA,NA,NA,NA,NA,NA,NA,NA,NA,NA,"a959793"
"29df4d70694a4f5fb9cf4a296c9d6826","MITxPRO+AMxB+1T2018","video","Additive Manufacturing for Spare Parts","fbc9c34f4a3141da921c60263cda55f7","Spare Parts, Maintenance, and Repair (20 min)","aac9ff5e29434d098e2820d7337c7e04","Week 3: Applications of Additive Manufacturing (5 hrs)",481,0,0,0,0,0,0,0,0,0,0,NA,NA,NA,NA,NA,NA,NA,NA,NA,NA,"a959793"
"0121a1bd90774a95a014f487a3717bd8","MITxPRO+AMxB+1T2018","html",NA,"fbc9c34f4a3141da921c60263cda55f7","Spare Parts, Maintenance, and Repair (20 min)","aac9ff5e29434d098e2820d7337c7e04","Week 3: Applications of Additive Manufacturing (5 hrs)",482,0,0,0,0,0,0,0,0,0,0,NA,NA,NA,NA,NA,NA,NA,NA,NA,NA,"a959793"
"9438fe68ef4f44b59d9db9d73ba452a4","MITxPRO+AMxB+1T2018","html",NA,"fbc9c34f4a3141da921c60263cda55f7","Spare Parts, Maintenance, and Repair (20 min)","aac9ff5e29434d098e2820d7337c7e04","Week 3: Applications of Additive Manufacturing (5 hrs)",484,0,0,0,0,0,0,0,0,0,0,NA,NA,NA,NA,NA,NA,NA,NA,NA,NA,"a959793"
"98a13e95e8484ecb9727be0d96c5a670","MITxPRO+AMxB+1T2018","html",NA,"fbc9c34f4a3141da921c60263cda55f7","Spare Parts, Maintenance, and Repair (20 min)","aac9ff5e29434d098e2820d7337c7e04","Week 3: Applications of Additive Manufacturing (5 hrs)",486,0,0,0,0,0,0,0,0,0,0,NA,NA,NA,NA,NA,NA,NA,NA,NA,NA,"a959793"
"ac6a1998c3db4a88b5643136a44d3d1a","MITxPRO+AMxB+1T2018","video","Video","fbc9c34f4a3141da921c60263cda55f7","Spare Parts, Maintenance, and Repair (20 min)","aac9ff5e29434d098e2820d7337c7e04","Week 3: Applications of Additive Manufacturing (5 hrs)",487,0,0,0,0,0,0,0,0,0,0,NA,NA,NA,NA,NA,NA,NA,NA,NA,NA,"a959793"
"78f68e137a55485cb62647f60c158317","MITxPRO+AMxB+1T2018","html",NA,"fbc9c34f4a3141da921c60263cda55f7","Spare Parts, Maintenance, and Repair (20 min)","aac9ff5e29434d098e2820d7337c7e04","Week 3: Applications of Additive Manufacturing (5 hrs)",488,0,0,0,0,0,0,0,0,0,0,NA,NA,NA,NA,NA,NA,NA,NA,NA,NA,"a959793"
"fbff5d65e2ba477286d4f60832b5cbe1","MITxPRO+AMxB+1T2018","html",NA,"488dc9e978204922b16516bf56b59abc","Art, Design, and Architecture (30 min)","aac9ff5e29434d098e2820d7337c7e04","Week 3: Applications of Additive Manufacturing (5 hrs)",491,0,0,0,0,0,0,0,0,0,0,NA,NA,NA,NA,NA,NA,NA,NA,NA,NA,"a959793"
"ead01d2798b845a98cc82df187be0915","MITxPRO+AMxB+1T2018","html",NA,"488dc9e978204922b16516bf56b59abc","Art, Design, and Architecture (30 min)","aac9ff5e29434d098e2820d7337c7e04","Week 3: Applications of Additive Manufacturing (5 hrs)",493,0,0,0,0,0,0,0,0,0,0,NA,NA,NA,NA,NA,NA,NA,NA,NA,NA,"a959793"
"176c36fa520e4f7eb03738c18bd564a5","MITxPRO+AMxB+1T2018","html",NA,"488dc9e978204922b16516bf56b59abc","Art, Design, and Architecture (30 min)","aac9ff5e29434d098e2820d7337c7e04","Week 3: Applications of Additive Manufacturing (5 hrs)",495,0,0,0,0,0,0,0,0,0,0,NA,NA,NA,NA,NA,NA,NA,NA,NA,NA,"a959793"
"96581c65b3ca4b6a8611a54a81f6c844","MITxPRO+AMxB+1T2018","video","","488dc9e978204922b16516bf56b59abc","Art, Design, and Architecture (30 min)","aac9ff5e29434d098e2820d7337c7e04","Week 3: Applications of Additive Manufacturing (5 hrs)",496,0,0,0,0,0,0,0,0,0,0,NA,NA,NA,NA,NA,NA,NA,NA,NA,NA,"a959793"
"6ee5ec7b3f0a4b75b2228bf19a1c6d28","MITxPRO+AMxB+1T2018","html",NA,"488dc9e978204922b16516bf56b59abc","Art, Design, and Architecture (30 min)","aac9ff5e29434d098e2820d7337c7e04","Week 3: Applications of Additive Manufacturing (5 hrs)",497,0,0,0,0,0,0,0,0,0,0,NA,NA,NA,NA,NA,NA,NA,NA,NA,NA,"a959793"
"59f55814532344b59eacd921b45a34d4","MITxPRO+AMxB+1T2018","html",NA,"488dc9e978204922b16516bf56b59abc","Art, Design, and Architecture (30 min)","aac9ff5e29434d098e2820d7337c7e04","Week 3: Applications of Additive Manufacturing (5 hrs)",499,0,0,0,0,0,0,0,0,0,0,NA,NA,NA,NA,NA,NA,NA,NA,NA,NA,"a959793"
"f1bcf42b778e4691b9e5823e206a61a3","MITxPRO+AMxB+1T2018","html",NA,"488dc9e978204922b16516bf56b59abc","Art, Design, and Architecture (30 min)","aac9ff5e29434d098e2820d7337c7e04","Week 3: Applications of Additive Manufacturing (5 hrs)",501,0,0,0,0,0,0,0,0,0,0,NA,NA,NA,NA,NA,NA,NA,NA,NA,NA,"a959793"
"d44751eae0bb47188bbbdafaa7b01c28","MITxPRO+AMxB+1T2018","html",NA,"488dc9e978204922b16516bf56b59abc","Art, Design, and Architecture (30 min)","aac9ff5e29434d098e2820d7337c7e04","Week 3: Applications of Additive Manufacturing (5 hrs)",502,0,0,0,0,0,0,0,0,0,0,NA,NA,NA,NA,NA,NA,NA,NA,NA,NA,"a959793"
"25a652b137614112a1fc8861fb291181","MITxPRO+AMxB+1T2018","video","","488dc9e978204922b16516bf56b59abc","Art, Design, and Architecture (30 min)","aac9ff5e29434d098e2820d7337c7e04","Week 3: Applications of Additive Manufacturing (5 hrs)",503,0,0,0,0,0,0,0,0,0,0,NA,NA,NA,NA,NA,NA,NA,NA,NA,NA,"a959793"
"1cbb871d83ac466bb5ff53794083240e","MITxPRO+AMxB+1T2018","html",NA,"488dc9e978204922b16516bf56b59abc","Art, Design, and Architecture (30 min)","aac9ff5e29434d098e2820d7337c7e04","Week 3: Applications of Additive Manufacturing (5 hrs)",505,0,0,0,0,0,0,0,0,0,0,NA,NA,NA,NA,NA,NA,NA,NA,NA,NA,"a959793"
"b5ebc521efe845139d8f9ef87cac6112","MITxPRO+AMxB+1T2018","html",NA,"488dc9e978204922b16516bf56b59abc","Art, Design, and Architecture (30 min)","aac9ff5e29434d098e2820d7337c7e04","Week 3: Applications of Additive Manufacturing (5 hrs)",506,0,0,0,0,0,0,0,0,0,0,NA,NA,NA,NA,NA,NA,NA,NA,NA,NA,"a959793"
"c7f074fbe8cc441e8a7ced30f9999dfa","MITxPRO+AMxB+1T2018","video","","488dc9e978204922b16516bf56b59abc","Art, Design, and Architecture (30 min)","aac9ff5e29434d098e2820d7337c7e04","Week 3: Applications of Additive Manufacturing (5 hrs)",507,0,0,0,0,0,0,0,0,0,0,NA,NA,NA,NA,NA,NA,NA,NA,NA,NA,"a959793"
"60fdad9fc19541e3b135991de184af75","MITxPRO+AMxB+1T2018","html",NA,"640dac5c36e845bfbd795ee134b1ee45","A Framework for Evaluating the Adoption of AM (30 min)","aac9ff5e29434d098e2820d7337c7e04","Week 3: Applications of Additive Manufacturing (5 hrs)",510,0,0,0,0,0,0,0,0,0,0,NA,NA,NA,NA,NA,NA,NA,NA,NA,NA,"a959793"
"b9efe6f2b024489bb02fc090d4a17a65","MITxPRO+AMxB+1T2018","video","A Framework for Evaluating the Adoption of AM","640dac5c36e845bfbd795ee134b1ee45","A Framework for Evaluating the Adoption of AM (30 min)","aac9ff5e29434d098e2820d7337c7e04","Week 3: Applications of Additive Manufacturing (5 hrs)",511,0,0,0,0,0,0,0,0,0,0,NA,NA,NA,NA,NA,NA,NA,NA,NA,NA,"a959793"
"340356a09f564f4e96c7d91d8271accb","MITxPRO+AMxB+1T2018","html",NA,"640dac5c36e845bfbd795ee134b1ee45","A Framework for Evaluating the Adoption of AM (30 min)","aac9ff5e29434d098e2820d7337c7e04","Week 3: Applications of Additive Manufacturing (5 hrs)",512,0,0,0,0,0,0,0,0,0,0,NA,NA,NA,NA,NA,NA,NA,NA,NA,NA,"a959793"
"2bbb47defdd44b6e95be6aff50d550d1","MITxPRO+AMxB+1T2018","html",NA,"05496f44f8f44dc8a0746af37387dbce","Graded Assignment (1 hr)","aac9ff5e29434d098e2820d7337c7e04","Week 3: Applications of Additive Manufacturing (5 hrs)",515,1,3,3,8,97.3333333333334,3,5,5,3,2,NA,NA,NA,NA,NA,NA,NA,NA,NA,NA,"a959793"
"f261241e0f5c429bba37335f9c8a71e0","MITxPRO+AMxB+1T2018","html",NA,"05496f44f8f44dc8a0746af37387dbce","Graded Assignment (1 hr)","aac9ff5e29434d098e2820d7337c7e04","Week 3: Applications of Additive Manufacturing (5 hrs)",516,0,0,0,0,0,0,0,0,0,0,NA,NA,NA,NA,NA,NA,NA,NA,NA,NA,"a959793"
"c7a736e53c6341f684a77474fbbbe64f","MITxPRO+AMxB+1T2018","video","How It's Made: Pasta Dies","05496f44f8f44dc8a0746af37387dbce","Graded Assignment (1 hr)","aac9ff5e29434d098e2820d7337c7e04","Week 3: Applications of Additive Manufacturing (5 hrs)",517,1,1,1,75,27.7,3,72,0,75,72,NA,NA,NA,NA,30,15.5666666666667,26,5.75,16,1.71666666666667,"a959793"
"98170a572e6644028150554eb5722cb4","MITxPRO+AMxB+1T2018","openassessment","Open Response Assessment","05496f44f8f44dc8a0746af37387dbce","Graded Assignment (1 hr)","aac9ff5e29434d098e2820d7337c7e04","Week 3: Applications of Additive Manufacturing (5 hrs)",518,1,2,1,13,21.7,1,12,0,13,12,NA,NA,NA,NA,NA,NA,NA,NA,NA,NA,"a959793"
"d8a02e7515a74c9998f997f6df75771d","MITxPRO+AMxB+1T2018","html",NA,"5ad36c2ddcb745a4946d09098b7c688c","An Introduction to Design for AM (10 min)","127ebe8ff67040888dba4dee98e5b818","Weeks 4-5: An Introduction to Design for AM (10 min)",522,0,0,0,0,0,0,0,0,0,0,NA,NA,NA,NA,NA,NA,NA,NA,NA,NA,"a959793"
"71c4fd1a1eab4d00b0d4ae1bb725ef5a","MITxPRO+AMxB+1T2018","video","Design for AM: Introduction","5ad36c2ddcb745a4946d09098b7c688c","An Introduction to Design for AM (10 min)","127ebe8ff67040888dba4dee98e5b818","Weeks 4-5: An Introduction to Design for AM (10 min)",523,0,0,0,0,0,0,0,0,0,0,NA,NA,NA,NA,NA,NA,NA,NA,NA,NA,"a959793"
"44abedc27bd74e82b52d8dbede63bcdc","MITxPRO+AMxB+1T2018","html",NA,"5ad36c2ddcb745a4946d09098b7c688c","An Introduction to Design for AM (10 min)","127ebe8ff67040888dba4dee98e5b818","Weeks 4-5: An Introduction to Design for AM (10 min)",524,0,0,0,0,0,0,0,0,0,0,NA,NA,NA,NA,NA,NA,NA,NA,NA,NA,"a959793"
"1c671d329ded428288dd93458a0a2667","MITxPRO+AMxB+1T2018","html",NA,"5ad36c2ddcb745a4946d09098b7c688c","An Introduction to Design for AM (10 min)","127ebe8ff67040888dba4dee98e5b818","Weeks 4-5: An Introduction to Design for AM (10 min)",526,1,2,2,2,1.31666666666667,1,1,1,1,1,NA,NA,NA,NA,NA,NA,NA,NA,NA,NA,"a959793"
"aa516ea305b74209ad16d2533b32050c","MITxPRO+AMxB+1T2018","html",NA,"5ad36c2ddcb745a4946d09098b7c688c","An Introduction to Design for AM (10 min)","127ebe8ff67040888dba4dee98e5b818","Weeks 4-5: An Introduction to Design for AM (10 min)",528,0,0,0,0,0,0,0,0,0,0,NA,NA,NA,NA,NA,NA,NA,NA,NA,NA,"a959793"
"86ec6deb59e74e3fbe85c975ab09e4fe","MITxPRO+AMxB+1T2018","html","IFrame Tool","5ad36c2ddcb745a4946d09098b7c688c","An Introduction to Design for AM (10 min)","127ebe8ff67040888dba4dee98e5b818","Weeks 4-5: An Introduction to Design for AM (10 min)",529,0,0,0,0,0,0,0,0,0,0,NA,NA,NA,NA,NA,NA,NA,NA,NA,NA,"a959793"
"7d62e87889ed4954bf9c388d171ee30a","MITxPRO+AMxB+1T2018","html","IFrame Tool","5ad36c2ddcb745a4946d09098b7c688c","An Introduction to Design for AM (10 min)","127ebe8ff67040888dba4dee98e5b818","Weeks 4-5: An Introduction to Design for AM (10 min)",530,0,0,0,0,0,0,0,0,0,0,NA,NA,NA,NA,NA,NA,NA,NA,NA,NA,"a959793"
"f06cfae5902b4db099f1844f9dcad801","MITxPRO+AMxB+1T2018","html",NA,"d8603f51ddde4f76b76738ea883d9e1e","Envisioning the AM Design Space (15 min)","ae88ee9277b649858efcfe023eb7267a","Weeks 4-5: The AM Design Space (3hr 15min)",534,1,1,1,2,0.216666666666667,0,2,2,0,0,NA,NA,NA,NA,NA,NA,NA,NA,NA,NA,"a959793"
"d07f5cabb83841ebb911eb33d653a517","MITxPRO+AMxB+1T2018","video","The AM Design Space","d8603f51ddde4f76b76738ea883d9e1e","Envisioning the AM Design Space (15 min)","ae88ee9277b649858efcfe023eb7267a","Weeks 4-5: The AM Design Space (3hr 15min)",535,0,0,0,0,0,0,0,0,0,0,NA,NA,NA,NA,NA,NA,NA,NA,NA,NA,"a959793"
"bfbf924018314d4fa3a626a8507b8d90","MITxPRO+AMxB+1T2018","html",NA,"d8603f51ddde4f76b76738ea883d9e1e","Envisioning the AM Design Space (15 min)","ae88ee9277b649858efcfe023eb7267a","Weeks 4-5: The AM Design Space (3hr 15min)",536,0,0,0,0,0,0,0,0,0,0,NA,NA,NA,NA,NA,NA,NA,NA,NA,NA,"a959793"
"98032f7703934ecc960828e8931290bd","MITxPRO+AMxB+1T2018","video","Stages of DfAM Adoption (Prof. Tim Simpson)","d8603f51ddde4f76b76738ea883d9e1e","Envisioning the AM Design Space (15 min)","ae88ee9277b649858efcfe023eb7267a","Weeks 4-5: The AM Design Space (3hr 15min)",537,1,1,1,4,0.733333333333334,1,3,0,4,3,NA,NA,NA,NA,1,0.166666666666667,1,0.183333333333333,NA,NA,"a959793"
"05800c2e685141ecb48fe59b499d84b6","MITxPRO+AMxB+1T2018","html",NA,"e524d2f0eb10435abf578b29a8256d42","Comparing Process and Material Performance (45 min)","ae88ee9277b649858efcfe023eb7267a","Weeks 4-5: The AM Design Space (3hr 15min)",540,1,2,2,2,0.966666666666667,1,1,2,0,0,NA,NA,NA,NA,NA,NA,NA,NA,NA,NA,"a959793"
"f151b1920ab84738857f2e5a6ccdff85","MITxPRO+AMxB+1T2018","html",NA,"e524d2f0eb10435abf578b29a8256d42","Comparing Process and Material Performance (45 min)","ae88ee9277b649858efcfe023eb7267a","Weeks 4-5: The AM Design Space (3hr 15min)",542,1,2,2,2,1.06666666666667,2,0,2,0,0,NA,NA,NA,NA,NA,NA,NA,NA,NA,NA,"a959793"
"93168ca1ec6a4944b57d75ac98797c0b","MITxPRO+AMxB+1T2018","html",NA,"e524d2f0eb10435abf578b29a8256d42","Comparing Process and Material Performance (45 min)","ae88ee9277b649858efcfe023eb7267a","Weeks 4-5: The AM Design Space (3hr 15min)",544,1,1,1,1,1.61666666666667,1,0,1,0,0,NA,NA,NA,NA,NA,NA,NA,NA,NA,NA,"a959793"
"06b02d057d574f24a6cac30186bf0bf2","MITxPRO+AMxB+1T2018","html",NA,"e524d2f0eb10435abf578b29a8256d42","Comparing Process and Material Performance (45 min)","ae88ee9277b649858efcfe023eb7267a","Weeks 4-5: The AM Design Space (3hr 15min)",546,1,1,1,1,28.6666666666667,1,0,1,0,0,NA,NA,NA,NA,NA,NA,NA,NA,NA,NA,"a959793"
"5982f524a99e420f8aeee7d90187dd55","MITxPRO+AMxB+1T2018","video","Basic Mechanics of Metals","e524d2f0eb10435abf578b29a8256d42","Comparing Process and Material Performance (45 min)","ae88ee9277b649858efcfe023eb7267a","Weeks 4-5: The AM Design Space (3hr 15min)",547,0,0,0,0,0,0,0,0,0,0,NA,NA,NA,NA,NA,NA,NA,NA,NA,NA,"a959793"
"4f37a9d9ffc24f5e82cc2cb1409df6f3","MITxPRO+AMxB+1T2018","html",NA,"e524d2f0eb10435abf578b29a8256d42","Comparing Process and Material Performance (45 min)","ae88ee9277b649858efcfe023eb7267a","Weeks 4-5: The AM Design Space (3hr 15min)",548,0,0,0,0,0,0,0,0,0,0,NA,NA,NA,NA,NA,NA,NA,NA,NA,NA,"a959793"
"2ffd17accc734a7b833cff39cca5c9f9","MITxPRO+AMxB+1T2018","html",NA,"e524d2f0eb10435abf578b29a8256d42","Comparing Process and Material Performance (45 min)","ae88ee9277b649858efcfe023eb7267a","Weeks 4-5: The AM Design Space (3hr 15min)",549,0,0,0,0,0,0,0,0,0,0,NA,NA,NA,NA,NA,NA,NA,NA,NA,NA,"a959793"
"cee509fdc136413c8c3e182d487c2b86","MITxPRO+AMxB+1T2018","html",NA,"454c33960fd34961bf149741d51891bd","AM Design Principles and the 3DMIT Kit (15 min)","ae88ee9277b649858efcfe023eb7267a","Weeks 4-5: The AM Design Space (3hr 15min)",552,0,0,0,0,0,0,0,0,0,0,NA,NA,NA,NA,NA,NA,NA,NA,NA,NA,"a959793"
"ad02db4c9df74936a7ecf964b1697197","MITxPRO+AMxB+1T2018","html",NA,"454c33960fd34961bf149741d51891bd","AM Design Principles and the 3DMIT Kit (15 min)","ae88ee9277b649858efcfe023eb7267a","Weeks 4-5: The AM Design Space (3hr 15min)",554,0,0,0,0,0,0,0,0,0,0,NA,NA,NA,NA,NA,NA,NA,NA,NA,NA,"a959793"
"65596489f9b542e490757e53a60af97c","MITxPRO+AMxB+1T2018","video","The 3DMIT Design Kit","454c33960fd34961bf149741d51891bd","AM Design Principles and the 3DMIT Kit (15 min)","ae88ee9277b649858efcfe023eb7267a","Weeks 4-5: The AM Design Space (3hr 15min)",555,0,0,0,0,0,0,0,0,0,0,NA,NA,NA,NA,NA,NA,NA,NA,NA,NA,"a959793"
"34037bd4b27b40fc8bf9bbaf818a3e43","MITxPRO+AMxB+1T2018","html",NA,"454c33960fd34961bf149741d51891bd","AM Design Principles and the 3DMIT Kit (15 min)","ae88ee9277b649858efcfe023eb7267a","Weeks 4-5: The AM Design Space (3hr 15min)",556,0,0,0,0,0,0,0,0,0,0,NA,NA,NA,NA,NA,NA,NA,NA,NA,NA,"a959793"
"57b361f6d4ca424299264c668e836e47","MITxPRO+AMxB+1T2018","html",NA,"a24f3fd0c3964d6fbf87fb6c5908b11f","The 3DMIT Design Kit: Deep Dive (1.5 hrs)","ae88ee9277b649858efcfe023eb7267a","Weeks 4-5: The AM Design Space (3hr 15min)",559,1,2,2,5,5.6,3,2,5,0,0,NA,NA,NA,NA,NA,NA,NA,NA,NA,NA,"a959793"
"5a6ade785e5944dc9bba9be67da62d09","MITxPRO+AMxB+1T2018","html",NA,"a24f3fd0c3964d6fbf87fb6c5908b11f","The 3DMIT Design Kit: Deep Dive (1.5 hrs)","ae88ee9277b649858efcfe023eb7267a","Weeks 4-5: The AM Design Space (3hr 15min)",560,0,0,0,0,0,0,0,0,0,0,NA,NA,NA,NA,NA,NA,NA,NA,NA,NA,"a959793"
"7afbe0f3ab05461ab5a3765ad3631052","MITxPRO+AMxB+1T2018","html",NA,"a24f3fd0c3964d6fbf87fb6c5908b11f","The 3DMIT Design Kit: Deep Dive (1.5 hrs)","ae88ee9277b649858efcfe023eb7267a","Weeks 4-5: The AM Design Space (3hr 15min)",562,1,1,1,1,0.15,0,1,1,0,0,NA,NA,NA,NA,NA,NA,NA,NA,NA,NA,"a959793"
"7a2bcd65cf024f3684c99f341cb74362","MITxPRO+AMxB+1T2018","problem","Question #1","a24f3fd0c3964d6fbf87fb6c5908b11f","The 3DMIT Design Kit: Deep Dive (1.5 hrs)","ae88ee9277b649858efcfe023eb7267a","Weeks 4-5: The AM Design Space (3hr 15min)",563,0,0,0,0,0,0,0,0,0,0,NA,NA,NA,NA,NA,NA,NA,NA,NA,NA,"a959793"
"0b8e4be0cef9409cabbce305b9eb4e11","MITxPRO+AMxB+1T2018","problem","Question #2","a24f3fd0c3964d6fbf87fb6c5908b11f","The 3DMIT Design Kit: Deep Dive (1.5 hrs)","ae88ee9277b649858efcfe023eb7267a","Weeks 4-5: The AM Design Space (3hr 15min)",564,0,0,0,0,0,0,0,0,0,0,NA,NA,NA,NA,NA,NA,NA,NA,NA,NA,"a959793"
"e90f5c8e7b2e449b8d756039eeb35852","MITxPRO+AMxB+1T2018","problem","Question #3","a24f3fd0c3964d6fbf87fb6c5908b11f","The 3DMIT Design Kit: Deep Dive (1.5 hrs)","ae88ee9277b649858efcfe023eb7267a","Weeks 4-5: The AM Design Space (3hr 15min)",565,0,0,0,0,0,0,0,0,0,0,NA,NA,NA,NA,NA,NA,NA,NA,NA,NA,"a959793"
"a51bda095c98420a93e81d2dec7e2961","MITxPRO+AMxB+1T2018","problem","Question #4","a24f3fd0c3964d6fbf87fb6c5908b11f","The 3DMIT Design Kit: Deep Dive (1.5 hrs)","ae88ee9277b649858efcfe023eb7267a","Weeks 4-5: The AM Design Space (3hr 15min)",566,0,0,0,0,0,0,0,0,0,0,NA,NA,NA,NA,NA,NA,NA,NA,NA,NA,"a959793"
"fff3e875d114460785d458c9a20db4c4","MITxPRO+AMxB+1T2018","problem","Question #5","a24f3fd0c3964d6fbf87fb6c5908b11f","The 3DMIT Design Kit: Deep Dive (1.5 hrs)","ae88ee9277b649858efcfe023eb7267a","Weeks 4-5: The AM Design Space (3hr 15min)",567,0,0,0,0,0,0,0,0,0,0,NA,NA,NA,NA,NA,NA,NA,NA,NA,NA,"a959793"
"3a32d27772ce468e941a09b8dd76aec3","MITxPRO+AMxB+1T2018","html",NA,"a24f3fd0c3964d6fbf87fb6c5908b11f","The 3DMIT Design Kit: Deep Dive (1.5 hrs)","ae88ee9277b649858efcfe023eb7267a","Weeks 4-5: The AM Design Space (3hr 15min)",569,1,1,1,1,0.116666666666667,1,0,1,0,0,NA,NA,NA,NA,NA,NA,NA,NA,NA,NA,"a959793"
"5b07632f8a4b448a97fc1841e9822fa4","MITxPRO+AMxB+1T2018","problem","Question #1","a24f3fd0c3964d6fbf87fb6c5908b11f","The 3DMIT Design Kit: Deep Dive (1.5 hrs)","ae88ee9277b649858efcfe023eb7267a","Weeks 4-5: The AM Design Space (3hr 15min)",570,0,0,0,0,0,0,0,0,0,0,NA,NA,NA,NA,NA,NA,NA,NA,NA,NA,"a959793"
"0956212ccaac4df68948e45a10dbb1d4","MITxPRO+AMxB+1T2018","problem","Question #2","a24f3fd0c3964d6fbf87fb6c5908b11f","The 3DMIT Design Kit: Deep Dive (1.5 hrs)","ae88ee9277b649858efcfe023eb7267a","Weeks 4-5: The AM Design Space (3hr 15min)",571,0,0,0,0,0,0,0,0,0,0,NA,NA,NA,NA,NA,NA,NA,NA,NA,NA,"a959793"
"519ecd71e1c5481cba184e5d6ed7f2ac","MITxPRO+AMxB+1T2018","html",NA,"a24f3fd0c3964d6fbf87fb6c5908b11f","The 3DMIT Design Kit: Deep Dive (1.5 hrs)","ae88ee9277b649858efcfe023eb7267a","Weeks 4-5: The AM Design Space (3hr 15min)",572,0,0,0,0,0,0,0,0,0,0,NA,NA,NA,NA,NA,NA,NA,NA,NA,NA,"a959793"
"17d557337c9c42d3b5b9b1220d2a8b07","MITxPRO+AMxB+1T2018","problem","Question #3","a24f3fd0c3964d6fbf87fb6c5908b11f","The 3DMIT Design Kit: Deep Dive (1.5 hrs)","ae88ee9277b649858efcfe023eb7267a","Weeks 4-5: The AM Design Space (3hr 15min)",573,0,0,0,0,0,0,0,0,0,0,NA,NA,NA,NA,NA,NA,NA,NA,NA,NA,"a959793"
"5bf5e2b4dc7542a7a5ccf3afb1e9e3c0","MITxPRO+AMxB+1T2018","problem","Question #4","a24f3fd0c3964d6fbf87fb6c5908b11f","The 3DMIT Design Kit: Deep Dive (1.5 hrs)","ae88ee9277b649858efcfe023eb7267a","Weeks 4-5: The AM Design Space (3hr 15min)",574,0,0,0,0,0,0,0,0,0,0,NA,NA,NA,NA,NA,NA,NA,NA,NA,NA,"a959793"
"577e63c5db5f4ce08d3b9fd4bc253192","MITxPRO+AMxB+1T2018","problem","Question #5","a24f3fd0c3964d6fbf87fb6c5908b11f","The 3DMIT Design Kit: Deep Dive (1.5 hrs)","ae88ee9277b649858efcfe023eb7267a","Weeks 4-5: The AM Design Space (3hr 15min)",575,0,0,0,0,0,0,0,0,0,0,NA,NA,NA,NA,NA,NA,NA,NA,NA,NA,"a959793"
"2855e7a0df954abaa30be35826f21bbc","MITxPRO+AMxB+1T2018","problem","Question #6","a24f3fd0c3964d6fbf87fb6c5908b11f","The 3DMIT Design Kit: Deep Dive (1.5 hrs)","ae88ee9277b649858efcfe023eb7267a","Weeks 4-5: The AM Design Space (3hr 15min)",576,0,0,0,0,0,0,0,0,0,0,NA,NA,NA,NA,NA,NA,NA,NA,NA,NA,"a959793"
"f0e8270c2e6d4b9093c9d434401f1080","MITxPRO+AMxB+1T2018","problem","Question #7","a24f3fd0c3964d6fbf87fb6c5908b11f","The 3DMIT Design Kit: Deep Dive (1.5 hrs)","ae88ee9277b649858efcfe023eb7267a","Weeks 4-5: The AM Design Space (3hr 15min)",577,0,0,0,0,0,0,0,0,0,0,NA,NA,NA,NA,NA,NA,NA,NA,NA,NA,"a959793"
"c3dc70e138fc4f9a8ef62602347dfd2d","MITxPRO+AMxB+1T2018","html",NA,"a24f3fd0c3964d6fbf87fb6c5908b11f","The 3DMIT Design Kit: Deep Dive (1.5 hrs)","ae88ee9277b649858efcfe023eb7267a","Weeks 4-5: The AM Design Space (3hr 15min)",579,1,1,1,1,0.116666666666667,1,0,1,0,0,NA,NA,NA,NA,NA,NA,NA,NA,NA,NA,"a959793"
"4c6bbce728d64d46b615252950aa99c5","MITxPRO+AMxB+1T2018","problem","Question #1","a24f3fd0c3964d6fbf87fb6c5908b11f","The 3DMIT Design Kit: Deep Dive (1.5 hrs)","ae88ee9277b649858efcfe023eb7267a","Weeks 4-5: The AM Design Space (3hr 15min)",580,0,0,0,0,0,0,0,0,0,0,NA,NA,NA,NA,NA,NA,NA,NA,NA,NA,"a959793"
"b302b1e3680b47bcb5aea5e985dcd0ce","MITxPRO+AMxB+1T2018","problem","Question #2","a24f3fd0c3964d6fbf87fb6c5908b11f","The 3DMIT Design Kit: Deep Dive (1.5 hrs)","ae88ee9277b649858efcfe023eb7267a","Weeks 4-5: The AM Design Space (3hr 15min)",581,0,0,0,0,0,0,0,0,0,0,NA,NA,NA,NA,NA,NA,NA,NA,NA,NA,"a959793"
"15335471891841108d686d567db618a6","MITxPRO+AMxB+1T2018","problem","Question #3","a24f3fd0c3964d6fbf87fb6c5908b11f","The 3DMIT Design Kit: Deep Dive (1.5 hrs)","ae88ee9277b649858efcfe023eb7267a","Weeks 4-5: The AM Design Space (3hr 15min)",582,0,0,0,0,0,0,0,0,0,0,NA,NA,NA,NA,NA,NA,NA,NA,NA,NA,"a959793"
"cf9c03aed3cc46cab0d3d363b36d4a3f","MITxPRO+AMxB+1T2018","problem","Question #4","a24f3fd0c3964d6fbf87fb6c5908b11f","The 3DMIT Design Kit: Deep Dive (1.5 hrs)","ae88ee9277b649858efcfe023eb7267a","Weeks 4-5: The AM Design Space (3hr 15min)",583,0,0,0,0,0,0,0,0,0,0,NA,NA,NA,NA,NA,NA,NA,NA,NA,NA,"a959793"
"b8e69ef94fbb4d51b4a8420c4ba7d94c","MITxPRO+AMxB+1T2018","problem","Question #5","a24f3fd0c3964d6fbf87fb6c5908b11f","The 3DMIT Design Kit: Deep Dive (1.5 hrs)","ae88ee9277b649858efcfe023eb7267a","Weeks 4-5: The AM Design Space (3hr 15min)",584,0,0,0,0,0,0,0,0,0,0,NA,NA,NA,NA,NA,NA,NA,NA,NA,NA,"a959793"
"80fee6d1156d4c2285bb094b6759c96b","MITxPRO+AMxB+1T2018","problem","Question #6","a24f3fd0c3964d6fbf87fb6c5908b11f","The 3DMIT Design Kit: Deep Dive (1.5 hrs)","ae88ee9277b649858efcfe023eb7267a","Weeks 4-5: The AM Design Space (3hr 15min)",585,0,0,0,0,0,0,0,0,0,0,NA,NA,NA,NA,NA,NA,NA,NA,NA,NA,"a959793"
"5515b1ce594c44018624eba452487dd8","MITxPRO+AMxB+1T2018","problem","Question #7","a24f3fd0c3964d6fbf87fb6c5908b11f","The 3DMIT Design Kit: Deep Dive (1.5 hrs)","ae88ee9277b649858efcfe023eb7267a","Weeks 4-5: The AM Design Space (3hr 15min)",586,0,0,0,0,0,0,0,0,0,0,NA,NA,NA,NA,NA,NA,NA,NA,NA,NA,"a959793"
"de6931cbf03f4c25a93022f69f40e59d","MITxPRO+AMxB+1T2018","html",NA,"a24f3fd0c3964d6fbf87fb6c5908b11f","The 3DMIT Design Kit: Deep Dive (1.5 hrs)","ae88ee9277b649858efcfe023eb7267a","Weeks 4-5: The AM Design Space (3hr 15min)",588,1,1,1,2,0.116666666666667,1,1,1,1,1,NA,NA,NA,NA,NA,NA,NA,NA,NA,NA,"a959793"
"aad06a85014b41a4a81a735ef2aa3af7","MITxPRO+AMxB+1T2018","problem","Question #1","a24f3fd0c3964d6fbf87fb6c5908b11f","The 3DMIT Design Kit: Deep Dive (1.5 hrs)","ae88ee9277b649858efcfe023eb7267a","Weeks 4-5: The AM Design Space (3hr 15min)",589,0,0,0,0,0,0,0,0,0,0,NA,NA,NA,NA,NA,NA,NA,NA,NA,NA,"a959793"
"33e3d11404154320b5548507b3627617","MITxPRO+AMxB+1T2018","problem","Question #2","a24f3fd0c3964d6fbf87fb6c5908b11f","The 3DMIT Design Kit: Deep Dive (1.5 hrs)","ae88ee9277b649858efcfe023eb7267a","Weeks 4-5: The AM Design Space (3hr 15min)",590,0,0,0,0,0,0,0,0,0,0,NA,NA,NA,NA,NA,NA,NA,NA,NA,NA,"a959793"
"8b88b65b13a6434c86a069af38d754e9","MITxPRO+AMxB+1T2018","problem","Question #3","a24f3fd0c3964d6fbf87fb6c5908b11f","The 3DMIT Design Kit: Deep Dive (1.5 hrs)","ae88ee9277b649858efcfe023eb7267a","Weeks 4-5: The AM Design Space (3hr 15min)",591,0,0,0,0,0,0,0,0,0,0,NA,NA,NA,NA,NA,NA,NA,NA,NA,NA,"a959793"
"0e554069f4c04108abd5c2b1e02bb8df","MITxPRO+AMxB+1T2018","problem","Question #4","a24f3fd0c3964d6fbf87fb6c5908b11f","The 3DMIT Design Kit: Deep Dive (1.5 hrs)","ae88ee9277b649858efcfe023eb7267a","Weeks 4-5: The AM Design Space (3hr 15min)",592,1,3,3,6,3.8,1,5,1,5,5,1,0,NA,NA,NA,NA,NA,NA,NA,NA,"a959793"
"3bc7c0a659644f1994fb732fdb44695c","MITxPRO+AMxB+1T2018","problem","Question #5","a24f3fd0c3964d6fbf87fb6c5908b11f","The 3DMIT Design Kit: Deep Dive (1.5 hrs)","ae88ee9277b649858efcfe023eb7267a","Weeks 4-5: The AM Design Space (3hr 15min)",593,0,0,0,0,0,0,0,0,0,0,NA,NA,NA,NA,NA,NA,NA,NA,NA,NA,"a959793"
"b31aa53037a74719ba3eb845306e4374","MITxPRO+AMxB+1T2018","html",NA,"b8cf8bb90b2c4a18b84d7ff169f908de","Lattice Structures in AM (30 min)","ae88ee9277b649858efcfe023eb7267a","Weeks 4-5: The AM Design Space (3hr 15min)",596,1,4,4,5,76.0666666666667,3,2,4,1,0,NA,NA,NA,NA,NA,NA,NA,NA,NA,NA,"a959793"
"75140a4c4a7248179d04fa2a1ab985d5","MITxPRO+AMxB+1T2018","html",NA,"b8cf8bb90b2c4a18b84d7ff169f908de","Lattice Structures in AM (30 min)","ae88ee9277b649858efcfe023eb7267a","Weeks 4-5: The AM Design Space (3hr 15min)",598,1,2,2,4,5.88333333333333,3,1,2,2,0,NA,NA,NA,NA,NA,NA,NA,NA,NA,NA,"a959793"
"13d1f65fede84bdcb51f77e7f6419a99","MITxPRO+AMxB+1T2018","html",NA,"b8cf8bb90b2c4a18b84d7ff169f908de","Lattice Structures in AM (30 min)","ae88ee9277b649858efcfe023eb7267a","Weeks 4-5: The AM Design Space (3hr 15min)",600,1,1,1,2,2,2,0,1,1,0,NA,NA,NA,NA,NA,NA,NA,NA,NA,NA,"a959793"
"916c4d42d9ae47d5bff2c22d55e56769","MITxPRO+AMxB+1T2018","html",NA,"b8cf8bb90b2c4a18b84d7ff169f908de","Lattice Structures in AM (30 min)","ae88ee9277b649858efcfe023eb7267a","Weeks 4-5: The AM Design Space (3hr 15min)",602,1,1,1,2,11.55,1,1,2,0,0,NA,NA,NA,NA,NA,NA,NA,NA,NA,NA,"a959793"
"4e2af15f0e154332990f5c331e2c073a","MITxPRO+AMxB+1T2018","html",NA,"33a693c3bb3c49a9ad0fcc485bc397f5","Introduction (10 min)","ddbe29223e4f4069943c32cb8249ab9c","Weeks 4-5: Data Representation and Build Preparation (1hr 45min)",606,1,1,1,1,0,1,0,0,1,0,NA,NA,NA,NA,NA,NA,NA,NA,NA,NA,"a959793"
"7a1a2c4aab5241b785fdaf08add5fdf5","MITxPRO+AMxB+1T2018","html",NA,"28a0c0d83f8f44dca3da9672c93d55a0","AM File Formats (20 min)","ddbe29223e4f4069943c32cb8249ab9c","Weeks 4-5: Data Representation and Build Preparation (1hr 45min)",609,1,2,2,3,0.783333333333334,2,1,2,1,0,NA,NA,NA,NA,NA,NA,NA,NA,NA,NA,"a959793"
"604cd4d206d940269789ea412845f1e8","MITxPRO+AMxB+1T2018","html",NA,"28a0c0d83f8f44dca3da9672c93d55a0","AM File Formats (20 min)","ddbe29223e4f4069943c32cb8249ab9c","Weeks 4-5: Data Representation and Build Preparation (1hr 45min)",611,0,0,0,0,0,0,0,0,0,0,NA,NA,NA,NA,NA,NA,NA,NA,NA,NA,"a959793"
"22b9e7f1eabc4cb28d8af1feaa0bc27d","MITxPRO+AMxB+1T2018","problem","Question 1","28a0c0d83f8f44dca3da9672c93d55a0","AM File Formats (20 min)","ddbe29223e4f4069943c32cb8249ab9c","Weeks 4-5: Data Representation and Build Preparation (1hr 45min)",613,1,1,1,1,0.283333333333333,1,0,0,1,0,NA,NA,NA,NA,NA,NA,NA,NA,NA,NA,"a959793"
"40671f6f48fb4803989d7bf3864904e2","MITxPRO+AMxB+1T2018","problem","Question 2","28a0c0d83f8f44dca3da9672c93d55a0","AM File Formats (20 min)","ddbe29223e4f4069943c32cb8249ab9c","Weeks 4-5: Data Representation and Build Preparation (1hr 45min)",614,0,0,0,0,0,0,0,0,0,0,NA,NA,NA,NA,NA,NA,NA,NA,NA,NA,"a959793"
"47ab5c72ed4f4a38a6f760e0bfa008f2","MITxPRO+AMxB+1T2018","problem","Question 3","28a0c0d83f8f44dca3da9672c93d55a0","AM File Formats (20 min)","ddbe29223e4f4069943c32cb8249ab9c","Weeks 4-5: Data Representation and Build Preparation (1hr 45min)",615,0,0,0,0,0,0,0,0,0,0,NA,NA,NA,NA,NA,NA,NA,NA,NA,NA,"a959793"
"a653f4a798964771b51fbc7cb8a7a276","MITxPRO+AMxB+1T2018","problem","Question 4","28a0c0d83f8f44dca3da9672c93d55a0","AM File Formats (20 min)","ddbe29223e4f4069943c32cb8249ab9c","Weeks 4-5: Data Representation and Build Preparation (1hr 45min)",616,0,0,0,0,0,0,0,0,0,0,NA,NA,NA,NA,NA,NA,NA,NA,NA,NA,"a959793"
"611f718731804acf8b5f757f24bcdf64","MITxPRO+AMxB+1T2018","html",NA,"dea916389a6340ab857b698c5270e209","AM Toolpaths (15 min)","ddbe29223e4f4069943c32cb8249ab9c","Weeks 4-5: Data Representation and Build Preparation (1hr 45min)",619,0,0,0,0,0,0,0,0,0,0,NA,NA,NA,NA,NA,NA,NA,NA,NA,NA,"a959793"
"797a6e6ad6a9498396d577b377aec258","MITxPRO+AMxB+1T2018","html",NA,"dea916389a6340ab857b698c5270e209","AM Toolpaths (15 min)","ddbe29223e4f4069943c32cb8249ab9c","Weeks 4-5: Data Representation and Build Preparation (1hr 45min)",621,0,0,0,0,0,0,0,0,0,0,NA,NA,NA,NA,NA,NA,NA,NA,NA,NA,"a959793"
"2e48e055fb4146e9b149086c1385037d","MITxPRO+AMxB+1T2018","html",NA,"dea916389a6340ab857b698c5270e209","AM Toolpaths (15 min)","ddbe29223e4f4069943c32cb8249ab9c","Weeks 4-5: Data Representation and Build Preparation (1hr 45min)",623,0,0,0,0,0,0,0,0,0,0,NA,NA,NA,NA,NA,NA,NA,NA,NA,NA,"a959793"
"51c336e9fc974fe6b345ef354ed29bbb","MITxPRO+AMxB+1T2018","html",NA,"dea916389a6340ab857b698c5270e209","AM Toolpaths (15 min)","ddbe29223e4f4069943c32cb8249ab9c","Weeks 4-5: Data Representation and Build Preparation (1hr 45min)",625,0,0,0,0,0,0,0,0,0,0,NA,NA,NA,NA,NA,NA,NA,NA,NA,NA,"a959793"
"b45b5d511c7a4499bec604aeac480b1d","MITxPRO+AMxB+1T2018","problem","Checkboxes","dea916389a6340ab857b698c5270e209","AM Toolpaths (15 min)","ddbe29223e4f4069943c32cb8249ab9c","Weeks 4-5: Data Representation and Build Preparation (1hr 45min)",627,0,0,0,0,0,0,0,0,0,0,NA,NA,NA,NA,NA,NA,NA,NA,NA,NA,"a959793"
"6a3fd2c28384465589f148598410fbdd","MITxPRO+AMxB+1T2018","html",NA,"5879f27b7b2b49438e29336b0f56de9b","Software Workflows: From Design to Build Preparation (1hr)","ddbe29223e4f4069943c32cb8249ab9c","Weeks 4-5: Data Representation and Build Preparation (1hr 45min)",630,0,0,0,0,0,0,0,0,0,0,NA,NA,NA,NA,NA,NA,NA,NA,NA,NA,"a959793"
"90efb799135b4a83860d413d182e62af","MITxPRO+AMxB+1T2018","video","Materialise Magics Demonstration Video","5879f27b7b2b49438e29336b0f56de9b","Software Workflows: From Design to Build Preparation (1hr)","ddbe29223e4f4069943c32cb8249ab9c","Weeks 4-5: Data Representation and Build Preparation (1hr 45min)",631,0,0,0,0,0,0,0,0,0,0,NA,NA,NA,NA,NA,NA,NA,NA,NA,NA,"a959793"
"45fb3c2b451642e89378499970aaaf15","MITxPRO+AMxB+1T2018","html",NA,"5879f27b7b2b49438e29336b0f56de9b","Software Workflows: From Design to Build Preparation (1hr)","ddbe29223e4f4069943c32cb8249ab9c","Weeks 4-5: Data Representation and Build Preparation (1hr 45min)",633,0,0,0,0,0,0,0,0,0,0,NA,NA,NA,NA,NA,NA,NA,NA,NA,NA,"a959793"
"8fba3f66ee7a4a218d411662d248a54d","MITxPRO+AMxB+1T2018","video","Ultimaker Cura Demonstration","5879f27b7b2b49438e29336b0f56de9b","Software Workflows: From Design to Build Preparation (1hr)","ddbe29223e4f4069943c32cb8249ab9c","Weeks 4-5: Data Representation and Build Preparation (1hr 45min)",634,0,0,0,0,0,0,0,0,0,0,NA,NA,NA,NA,NA,NA,NA,NA,NA,NA,"a959793"
"ca8aac0be163430e8baaad776c32ddd2","MITxPRO+AMxB+1T2018","html",NA,"d0712226027149128a885061a15613e4","Principles of Generative Design (30 min)","7a3a22ca3070427cb03de39a928a3158","Weeks 4-5: Topology Optimization and Generative Design (2 hrs)",638,0,0,0,0,0,0,0,0,0,0,NA,NA,NA,NA,NA,NA,NA,NA,NA,NA,"a959793"
"e07603058e9043579d9f2f17be10b866","MITxPRO+AMxB+1T2018","video","Defining the Design and Performance Space","d0712226027149128a885061a15613e4","Principles of Generative Design (30 min)","7a3a22ca3070427cb03de39a928a3158","Weeks 4-5: Topology Optimization and Generative Design (2 hrs)",639,0,0,0,0,0,0,0,0,0,0,NA,NA,NA,NA,NA,NA,NA,NA,NA,NA,"a959793"
"0da137981c784fff80a5768bc626dca7","MITxPRO+AMxB+1T2018","html",NA,"d0712226027149128a885061a15613e4","Principles of Generative Design (30 min)","7a3a22ca3070427cb03de39a928a3158","Weeks 4-5: Topology Optimization and Generative Design (2 hrs)",641,0,0,0,0,0,0,0,0,0,0,NA,NA,NA,NA,NA,NA,NA,NA,NA,NA,"a959793"
"e588e625f78049a5aed0c685e1fc9500","MITxPRO+AMxB+1T2018","video","The Inverse Problem and Formulation of Topology Optimization","d0712226027149128a885061a15613e4","Principles of Generative Design (30 min)","7a3a22ca3070427cb03de39a928a3158","Weeks 4-5: Topology Optimization and Generative Design (2 hrs)",642,0,0,0,0,0,0,0,0,0,0,NA,NA,NA,NA,NA,NA,NA,NA,NA,NA,"a959793"
"abdacc6701224360a3f86b8be3f366bf","MITxPRO+AMxB+1T2018","video","The SIMP Method of Topology Optimization","d0712226027149128a885061a15613e4","Principles of Generative Design (30 min)","7a3a22ca3070427cb03de39a928a3158","Weeks 4-5: Topology Optimization and Generative Design (2 hrs)",643,0,0,0,0,0,0,0,0,0,0,NA,NA,NA,NA,NA,NA,NA,NA,NA,NA,"a959793"
"202fe760f26e4bd7a5a9cd1926e3f678","MITxPRO+AMxB+1T2018","html",NA,"99fc32aec48d465f8c64462c3fd38144","Computational Design of a High-Performance Wheel (60 min)","7a3a22ca3070427cb03de39a928a3158","Weeks 4-5: Topology Optimization and Generative Design (2 hrs)",646,0,0,0,0,0,0,0,0,0,0,NA,NA,NA,NA,NA,NA,NA,NA,NA,NA,"a959793"
"3e3428242983494095b0d25bad62a657","MITxPRO+AMxB+1T2018","video","Computational Design of a High-Performance Wheel","99fc32aec48d465f8c64462c3fd38144","Computational Design of a High-Performance Wheel (60 min)","7a3a22ca3070427cb03de39a928a3158","Weeks 4-5: Topology Optimization and Generative Design (2 hrs)",647,0,0,0,0,0,0,0,0,0,0,NA,NA,NA,NA,NA,NA,NA,NA,NA,NA,"a959793"
"91b21144d1b5408d956b8a08c06ead48","MITxPRO+AMxB+1T2018","html",NA,"99fc32aec48d465f8c64462c3fd38144","Computational Design of a High-Performance Wheel (60 min)","7a3a22ca3070427cb03de39a928a3158","Weeks 4-5: Topology Optimization and Generative Design (2 hrs)",648,0,0,0,0,0,0,0,0,0,0,NA,NA,NA,NA,NA,NA,NA,NA,NA,NA,"a959793"
"fed8304bb7184050aaaa4d9ab2089745","MITxPRO+AMxB+1T2018","html","IFrame Tool","99fc32aec48d465f8c64462c3fd38144","Computational Design of a High-Performance Wheel (60 min)","7a3a22ca3070427cb03de39a928a3158","Weeks 4-5: Topology Optimization and Generative Design (2 hrs)",649,0,0,0,0,0,0,0,0,0,0,NA,NA,NA,NA,NA,NA,NA,NA,NA,NA,"a959793"
"064f627c77a54926aac5e4c6b665a883","MITxPRO+AMxB+1T2018","problem","Question #1","22cef0d3bad34dd0b9534f375500b8b0","Concept Questions","7a3a22ca3070427cb03de39a928a3158","Weeks 4-5: Topology Optimization and Generative Design (2 hrs)",652,1,2,2,4,3.61666666666667,2,2,1,3,0,NA,NA,NA,NA,NA,NA,NA,NA,NA,NA,"a959793"
"efb26d7be5e646dca9278cde2f59dbc3","MITxPRO+AMxB+1T2018","problem","Question #2","22cef0d3bad34dd0b9534f375500b8b0","Concept Questions","7a3a22ca3070427cb03de39a928a3158","Weeks 4-5: Topology Optimization and Generative Design (2 hrs)",653,0,0,0,0,0,0,0,0,0,0,NA,NA,NA,NA,NA,NA,NA,NA,NA,NA,"a959793"
"4d80bdddc8fe4cf4bf5c05efb70ad6a9","MITxPRO+AMxB+1T2018","problem","Question #3","22cef0d3bad34dd0b9534f375500b8b0","Concept Questions","7a3a22ca3070427cb03de39a928a3158","Weeks 4-5: Topology Optimization and Generative Design (2 hrs)",654,0,0,0,0,0,0,0,0,0,0,NA,NA,NA,NA,NA,NA,NA,NA,NA,NA,"a959793"
"3b8342fbe7e1473ba44ee109673c5f1c","MITxPRO+AMxB+1T2018","problem","Question #4","22cef0d3bad34dd0b9534f375500b8b0","Concept Questions","7a3a22ca3070427cb03de39a928a3158","Weeks 4-5: Topology Optimization and Generative Design (2 hrs)",655,0,0,0,0,0,0,0,0,0,0,NA,NA,NA,NA,NA,NA,NA,NA,NA,NA,"a959793"
"ef612a0ce30d4b788653a525216f7837","MITxPRO+AMxB+1T2018","problem","Question #5","22cef0d3bad34dd0b9534f375500b8b0","Concept Questions","7a3a22ca3070427cb03de39a928a3158","Weeks 4-5: Topology Optimization and Generative Design (2 hrs)",656,0,0,0,0,0,0,0,0,0,0,NA,NA,NA,NA,NA,NA,NA,NA,NA,NA,"a959793"
"a27e6ccbd699476c823afe67c91324cf","MITxPRO+AMxB+1T2018","html",NA,"657617f7018f4f12a646901cf97d84a0","Generative Design at Autodesk (10 min)","7a3a22ca3070427cb03de39a928a3158","Weeks 4-5: Topology Optimization and Generative Design (2 hrs)",659,0,0,0,0,0,0,0,0,0,0,NA,NA,NA,NA,NA,NA,NA,NA,NA,NA,"a959793"
"3a515431ad5d4619b97924675284a684","MITxPRO+AMxB+1T2018","video","Generative Design at Autodesk ","657617f7018f4f12a646901cf97d84a0","Generative Design at Autodesk (10 min)","7a3a22ca3070427cb03de39a928a3158","Weeks 4-5: Topology Optimization and Generative Design (2 hrs)",660,0,0,0,0,0,0,0,0,0,0,NA,NA,NA,NA,NA,NA,NA,NA,NA,NA,"a959793"
"ad172c9eaecf4a59bba2238ca2bb3990","MITxPRO+AMxB+1T2018","html",NA,"423001c020d54673b4a6d47f3533aece","Advanced Topology Optimization for AM (15 min)","7a3a22ca3070427cb03de39a928a3158","Weeks 4-5: Topology Optimization and Generative Design (2 hrs)",663,0,0,0,0,0,0,0,0,0,0,NA,NA,NA,NA,NA,NA,NA,NA,NA,NA,"a959793"
"b4b721ff8e98417a9ffd504f445c8998","MITxPRO+AMxB+1T2018","video","Advanced Topology Optimization for AM","423001c020d54673b4a6d47f3533aece","Advanced Topology Optimization for AM (15 min)","7a3a22ca3070427cb03de39a928a3158","Weeks 4-5: Topology Optimization and Generative Design (2 hrs)",664,0,0,0,0,0,0,0,0,0,0,NA,NA,NA,NA,NA,NA,NA,NA,NA,NA,"a959793"
"d9dd2a4989284d94b66c5a100745f102","MITxPRO+AMxB+1T2018","html",NA,"19251f002cf74e4c96b91d7cb43a85dc","An Integrative Approach to DfAM (40 min)","bd348520b954493db2f99dfad3eeeb43","Weeks 4-5: Implementing DfAM (4 hrs)",668,0,0,0,0,0,0,0,0,0,0,NA,NA,NA,NA,NA,NA,NA,NA,NA,NA,"a959793"
"4e7f6237dba14b9cabab572a9032820e","MITxPRO+AMxB+1T2018","html",NA,"19251f002cf74e4c96b91d7cb43a85dc","An Integrative Approach to DfAM (40 min)","bd348520b954493db2f99dfad3eeeb43","Weeks 4-5: Implementing DfAM (4 hrs)",670,0,0,0,0,0,0,0,0,0,0,NA,NA,NA,NA,NA,NA,NA,NA,NA,NA,"a959793"
"dfa2734715da48a083fe836252dac452","MITxPRO+AMxB+1T2018","html",NA,"19251f002cf74e4c96b91d7cb43a85dc","An Integrative Approach to DfAM (40 min)","bd348520b954493db2f99dfad3eeeb43","Weeks 4-5: Implementing DfAM (4 hrs)",672,0,0,0,0,0,0,0,0,0,0,NA,NA,NA,NA,NA,NA,NA,NA,NA,NA,"a959793"
"6209866a51f94d1982106374115c7594","MITxPRO+AMxB+1T2018","html",NA,"19251f002cf74e4c96b91d7cb43a85dc","An Integrative Approach to DfAM (40 min)","bd348520b954493db2f99dfad3eeeb43","Weeks 4-5: Implementing DfAM (4 hrs)",674,1,3,3,3,29.8333333333334,2,1,2,1,0,NA,NA,NA,NA,NA,NA,NA,NA,NA,NA,"a959793"
"2850ec8902554b2db863515391feae48","MITxPRO+AMxB+1T2018","html",NA,"19251f002cf74e4c96b91d7cb43a85dc","An Integrative Approach to DfAM (40 min)","bd348520b954493db2f99dfad3eeeb43","Weeks 4-5: Implementing DfAM (4 hrs)",675,0,0,0,0,0,0,0,0,0,0,NA,NA,NA,NA,NA,NA,NA,NA,NA,NA,"a959793"
"da48f27bea184b319bf8dc059138fbca","MITxPRO+AMxB+1T2018","html",NA,"19251f002cf74e4c96b91d7cb43a85dc","An Integrative Approach to DfAM (40 min)","bd348520b954493db2f99dfad3eeeb43","Weeks 4-5: Implementing DfAM (4 hrs)",676,0,0,0,0,0,0,0,0,0,0,NA,NA,NA,NA,NA,NA,NA,NA,NA,NA,"a959793"
"61decba0ba3048cb9d65cb40780a72df","MITxPRO+AMxB+1T2018","html",NA,"19251f002cf74e4c96b91d7cb43a85dc","An Integrative Approach to DfAM (40 min)","bd348520b954493db2f99dfad3eeeb43","Weeks 4-5: Implementing DfAM (4 hrs)",677,0,0,0,0,0,0,0,0,0,0,NA,NA,NA,NA,NA,NA,NA,NA,NA,NA,"a959793"
"8ecebe22b81a4779b6aa4c03baa79bb1","MITxPRO+AMxB+1T2018","html",NA,"19251f002cf74e4c96b91d7cb43a85dc","An Integrative Approach to DfAM (40 min)","bd348520b954493db2f99dfad3eeeb43","Weeks 4-5: Implementing DfAM (4 hrs)",679,1,2,2,2,7.91666666666666,2,0,0,2,0,NA,NA,NA,NA,NA,NA,NA,NA,NA,NA,"a959793"
"9c1bc5b9b4c244958983e8a5789f84ed","MITxPRO+AMxB+1T2018","html",NA,"19251f002cf74e4c96b91d7cb43a85dc","An Integrative Approach to DfAM (40 min)","bd348520b954493db2f99dfad3eeeb43","Weeks 4-5: Implementing DfAM (4 hrs)",681,0,0,0,0,0,0,0,0,0,0,NA,NA,NA,NA,NA,NA,NA,NA,NA,NA,"a959793"
"6a1b1998400e4f52aa3d3768633a7dd5","MITxPRO+AMxB+1T2018","html",NA,"19251f002cf74e4c96b91d7cb43a85dc","An Integrative Approach to DfAM (40 min)","bd348520b954493db2f99dfad3eeeb43","Weeks 4-5: Implementing DfAM (4 hrs)",683,0,0,0,0,0,0,0,0,0,0,NA,NA,NA,NA,NA,NA,NA,NA,NA,NA,"a959793"
"fe3586744a044afd9ae558cfbe4a9411","MITxPRO+AMxB+1T2018","html",NA,"fe07ddd81bce4aedbdea5454ec850cd2","Integrative Examples of DfAM in Practice (20 min)","bd348520b954493db2f99dfad3eeeb43","Weeks 4-5: Implementing DfAM (4 hrs)",686,0,0,0,0,0,0,0,0,0,0,NA,NA,NA,NA,NA,NA,NA,NA,NA,NA,"a959793"
"f9063cc6765a4fb3875172894b58c4af","MITxPRO+AMxB+1T2018","video","Integrating AM Constraints with Topology Optimization","fe07ddd81bce4aedbdea5454ec850cd2","Integrative Examples of DfAM in Practice (20 min)","bd348520b954493db2f99dfad3eeeb43","Weeks 4-5: Implementing DfAM (4 hrs)",687,0,0,0,0,0,0,0,0,0,0,NA,NA,NA,NA,NA,NA,NA,NA,NA,NA,"a959793"
"88464dcb8fa64c5391ff18d5aec38bcc","MITxPRO+AMxB+1T2018","video","Part Consolidation AM Design of a Hydraulic Manifold (Prof. TIm Simpson)","fe07ddd81bce4aedbdea5454ec850cd2","Integrative Examples of DfAM in Practice (20 min)","bd348520b954493db2f99dfad3eeeb43","Weeks 4-5: Implementing DfAM (4 hrs)",688,0,0,0,0,0,0,0,0,0,0,NA,NA,NA,NA,NA,NA,NA,NA,NA,NA,"a959793"
"0704a9032b0b4dfebc92a428247b2a14","MITxPRO+AMxB+1T2018","html","Text","699d72d1b211472b8388008e1a2392ff","Graded Assignment (3 hrs)","bd348520b954493db2f99dfad3eeeb43","Weeks 4-5: Implementing DfAM (4 hrs)",691,1,8,6,15,32.975,5,10,4,11,7,NA,NA,NA,NA,NA,NA,NA,NA,NA,NA,"a959793"
"816859832b434afe828f482770a8052c","MITxPRO+AMxB+1T2018","html","Text","699d72d1b211472b8388008e1a2392ff","Graded Assignment (3 hrs)","bd348520b954493db2f99dfad3eeeb43","Weeks 4-5: Implementing DfAM (4 hrs)",692,0,0,0,0,0,0,0,0,0,0,NA,NA,NA,NA,NA,NA,NA,NA,NA,NA,"a959793"
"ea1d651f18c34e6fa36ee0f68962ecb9","MITxPRO+AMxB+1T2018","openassessment","Open Response Assessment","699d72d1b211472b8388008e1a2392ff","Graded Assignment (3 hrs)","bd348520b954493db2f99dfad3eeeb43","Weeks 4-5: Implementing DfAM (4 hrs)",693,1,4,3,17,28.6666666666666,2,15,1,16,15,NA,NA,NA,NA,NA,NA,NA,NA,NA,NA,"a959793"
"e9bcc373b6ae4ec3abef5be040a02711","MITxPRO+AMxB+1T2018","html",NA,"e1fcf1cf42d74a08967ec0c3ac05517a","Introduction","e9df83ff6ad245eb83d2b6342ae2e88c","Weeks 4-5: AM Process Knowledge Base (SUPPLEMENTAL)",697,1,1,1,1,0,1,0,0,1,0,NA,NA,NA,NA,NA,NA,NA,NA,NA,NA,"a959793"
"f5a6533820e946beacbefa8eb7a9c063","MITxPRO+AMxB+1T2018","html",NA,"71657d7ae16a4ba19d4d4edf3563b96b","Extrusion","e9df83ff6ad245eb83d2b6342ae2e88c","Weeks 4-5: AM Process Knowledge Base (SUPPLEMENTAL)",700,1,1,1,1,0.266666666666667,1,0,0,1,0,NA,NA,NA,NA,NA,NA,NA,NA,NA,NA,"a959793"
"2457ca92fb25476e889fb722e828987a","MITxPRO+AMxB+1T2018","video","Extrusion Materials","71657d7ae16a4ba19d4d4edf3563b96b","Extrusion","e9df83ff6ad245eb83d2b6342ae2e88c","Weeks 4-5: AM Process Knowledge Base (SUPPLEMENTAL)",701,0,0,0,0,0,0,0,0,0,0,NA,NA,NA,NA,NA,NA,NA,NA,NA,NA,"a959793"
"c505ffe96440456486dad0a5e505231f","MITxPRO+AMxB+1T2018","html",NA,"71657d7ae16a4ba19d4d4edf3563b96b","Extrusion","e9df83ff6ad245eb83d2b6342ae2e88c","Weeks 4-5: AM Process Knowledge Base (SUPPLEMENTAL)",702,0,0,0,0,0,0,0,0,0,0,NA,NA,NA,NA,NA,NA,NA,NA,NA,NA,"a959793"
"dd8ccb96b2cb40fc99395cd96e9f5597","MITxPRO+AMxB+1T2018","problem","Question #1","71657d7ae16a4ba19d4d4edf3563b96b","Extrusion","e9df83ff6ad245eb83d2b6342ae2e88c","Weeks 4-5: AM Process Knowledge Base (SUPPLEMENTAL)",703,0,0,0,0,0,0,0,0,0,0,NA,NA,NA,NA,NA,NA,NA,NA,NA,NA,"a959793"
"aad3103495c442d7a88e613480c113d3","MITxPRO+AMxB+1T2018","problem","Question #2","71657d7ae16a4ba19d4d4edf3563b96b","Extrusion","e9df83ff6ad245eb83d2b6342ae2e88c","Weeks 4-5: AM Process Knowledge Base (SUPPLEMENTAL)",704,0,0,0,0,0,0,0,0,0,0,NA,NA,NA,NA,NA,NA,NA,NA,NA,NA,"a959793"
"a121f273f3a0475ab714564f42e222bb","MITxPRO+AMxB+1T2018","problem","Question #3","71657d7ae16a4ba19d4d4edf3563b96b","Extrusion","e9df83ff6ad245eb83d2b6342ae2e88c","Weeks 4-5: AM Process Knowledge Base (SUPPLEMENTAL)",705,0,0,0,0,0,0,0,0,0,0,NA,NA,NA,NA,NA,NA,NA,NA,NA,NA,"a959793"
"636c542d9ef64301a47a423dc61a2dae","MITxPRO+AMxB+1T2018","problem","Question #4","71657d7ae16a4ba19d4d4edf3563b96b","Extrusion","e9df83ff6ad245eb83d2b6342ae2e88c","Weeks 4-5: AM Process Knowledge Base (SUPPLEMENTAL)",706,0,0,0,0,0,0,0,0,0,0,NA,NA,NA,NA,NA,NA,NA,NA,NA,NA,"a959793"
"f2b4e39d15ec4701ba61cfb6420d3bc5","MITxPRO+AMxB+1T2018","problem","Question #5","71657d7ae16a4ba19d4d4edf3563b96b","Extrusion","e9df83ff6ad245eb83d2b6342ae2e88c","Weeks 4-5: AM Process Knowledge Base (SUPPLEMENTAL)",707,0,0,0,0,0,0,0,0,0,0,NA,NA,NA,NA,NA,NA,NA,NA,NA,NA,"a959793"
"1ff6b4f89e7f4b1dbdc83ee7f44f1acd","MITxPRO+AMxB+1T2018","html",NA,"71657d7ae16a4ba19d4d4edf3563b96b","Extrusion","e9df83ff6ad245eb83d2b6342ae2e88c","Weeks 4-5: AM Process Knowledge Base (SUPPLEMENTAL)",709,0,0,0,0,0,0,0,0,0,0,NA,NA,NA,NA,NA,NA,NA,NA,NA,NA,"a959793"
"40a813ff85cf430899ae9357bd4ae06d","MITxPRO+AMxB+1T2018","video","Extrusion AM Process Physics","71657d7ae16a4ba19d4d4edf3563b96b","Extrusion","e9df83ff6ad245eb83d2b6342ae2e88c","Weeks 4-5: AM Process Knowledge Base (SUPPLEMENTAL)",710,0,0,0,0,0,0,0,0,0,0,NA,NA,NA,NA,NA,NA,NA,NA,NA,NA,"a959793"
"9c6842c2104e49a7ba8b0d2ae99623e9","MITxPRO+AMxB+1T2018","html",NA,"71657d7ae16a4ba19d4d4edf3563b96b","Extrusion","e9df83ff6ad245eb83d2b6342ae2e88c","Weeks 4-5: AM Process Knowledge Base (SUPPLEMENTAL)",711,0,0,0,0,0,0,0,0,0,0,NA,NA,NA,NA,NA,NA,NA,NA,NA,NA,"a959793"
"87732893f89b43bfa01f9f06d032fdfe","MITxPRO+AMxB+1T2018","problem","Question #1","71657d7ae16a4ba19d4d4edf3563b96b","Extrusion","e9df83ff6ad245eb83d2b6342ae2e88c","Weeks 4-5: AM Process Knowledge Base (SUPPLEMENTAL)",712,0,0,0,0,0,0,0,0,0,0,NA,NA,NA,NA,NA,NA,NA,NA,NA,NA,"a959793"
"9aa67284e5fa4e3daa4b47b3e0edbcfd","MITxPRO+AMxB+1T2018","problem","Question #2","71657d7ae16a4ba19d4d4edf3563b96b","Extrusion","e9df83ff6ad245eb83d2b6342ae2e88c","Weeks 4-5: AM Process Knowledge Base (SUPPLEMENTAL)",713,0,0,0,0,0,0,0,0,0,0,NA,NA,NA,NA,NA,NA,NA,NA,NA,NA,"a959793"
"6cfa08b31fd941948e5f7255fa00c15d","MITxPRO+AMxB+1T2018","problem","Question #3","71657d7ae16a4ba19d4d4edf3563b96b","Extrusion","e9df83ff6ad245eb83d2b6342ae2e88c","Weeks 4-5: AM Process Knowledge Base (SUPPLEMENTAL)",714,0,0,0,0,0,0,0,0,0,0,NA,NA,NA,NA,NA,NA,NA,NA,NA,NA,"a959793"
"49707cf8378041adba03958bb60e676c","MITxPRO+AMxB+1T2018","problem","Question #4","71657d7ae16a4ba19d4d4edf3563b96b","Extrusion","e9df83ff6ad245eb83d2b6342ae2e88c","Weeks 4-5: AM Process Knowledge Base (SUPPLEMENTAL)",715,0,0,0,0,0,0,0,0,0,0,NA,NA,NA,NA,NA,NA,NA,NA,NA,NA,"a959793"
"4819b3ef1f4346248137a7d03c756e5a","MITxPRO+AMxB+1T2018","problem","Question #5","71657d7ae16a4ba19d4d4edf3563b96b","Extrusion","e9df83ff6ad245eb83d2b6342ae2e88c","Weeks 4-5: AM Process Knowledge Base (SUPPLEMENTAL)",716,0,0,0,0,0,0,0,0,0,0,NA,NA,NA,NA,NA,NA,NA,NA,NA,NA,"a959793"
"3fa5fb770b184522992a7656974d5bbf","MITxPRO+AMxB+1T2018","problem","Question #6","71657d7ae16a4ba19d4d4edf3563b96b","Extrusion","e9df83ff6ad245eb83d2b6342ae2e88c","Weeks 4-5: AM Process Knowledge Base (SUPPLEMENTAL)",717,0,0,0,0,0,0,0,0,0,0,NA,NA,NA,NA,NA,NA,NA,NA,NA,NA,"a959793"
"b07167d3dc5f434ba6a47048048b6321","MITxPRO+AMxB+1T2018","html",NA,"71657d7ae16a4ba19d4d4edf3563b96b","Extrusion","e9df83ff6ad245eb83d2b6342ae2e88c","Weeks 4-5: AM Process Knowledge Base (SUPPLEMENTAL)",719,0,0,0,0,0,0,0,0,0,0,NA,NA,NA,NA,NA,NA,NA,NA,NA,NA,"a959793"
"1cd3fafc354f493b87ca5888717410c6","MITxPRO+AMxB+1T2018","html",NA,"71657d7ae16a4ba19d4d4edf3563b96b","Extrusion","e9df83ff6ad245eb83d2b6342ae2e88c","Weeks 4-5: AM Process Knowledge Base (SUPPLEMENTAL)",720,0,0,0,0,0,0,0,0,0,0,NA,NA,NA,NA,NA,NA,NA,NA,NA,NA,"a959793"
"1db3ec7343d947a6ab270af2a8871cb7","MITxPRO+AMxB+1T2018","html",NA,"71657d7ae16a4ba19d4d4edf3563b96b","Extrusion","e9df83ff6ad245eb83d2b6342ae2e88c","Weeks 4-5: AM Process Knowledge Base (SUPPLEMENTAL)",721,0,0,0,0,0,0,0,0,0,0,NA,NA,NA,NA,NA,NA,NA,NA,NA,NA,"a959793"
"e2eb61c96ce34363a41b2936c1b67313","MITxPRO+AMxB+1T2018","html",NA,"71657d7ae16a4ba19d4d4edf3563b96b","Extrusion","e9df83ff6ad245eb83d2b6342ae2e88c","Weeks 4-5: AM Process Knowledge Base (SUPPLEMENTAL)",722,0,0,0,0,0,0,0,0,0,0,NA,NA,NA,NA,NA,NA,NA,NA,NA,NA,"a959793"
"188b8870cb144c95b20d4a65b2931c45","MITxPRO+AMxB+1T2018","html",NA,"71657d7ae16a4ba19d4d4edf3563b96b","Extrusion","e9df83ff6ad245eb83d2b6342ae2e88c","Weeks 4-5: AM Process Knowledge Base (SUPPLEMENTAL)",723,0,0,0,0,0,0,0,0,0,0,NA,NA,NA,NA,NA,NA,NA,NA,NA,NA,"a959793"
"cdd006fb180146468bd9a8b035143656","MITxPRO+AMxB+1T2018","html",NA,"71657d7ae16a4ba19d4d4edf3563b96b","Extrusion","e9df83ff6ad245eb83d2b6342ae2e88c","Weeks 4-5: AM Process Knowledge Base (SUPPLEMENTAL)",724,0,0,0,0,0,0,0,0,0,0,NA,NA,NA,NA,NA,NA,NA,NA,NA,NA,"a959793"
"e2afc470b1024fb48a8558391c05ad8a","MITxPRO+AMxB+1T2018","html",NA,"71657d7ae16a4ba19d4d4edf3563b96b","Extrusion","e9df83ff6ad245eb83d2b6342ae2e88c","Weeks 4-5: AM Process Knowledge Base (SUPPLEMENTAL)",725,0,0,0,0,0,0,0,0,0,0,NA,NA,NA,NA,NA,NA,NA,NA,NA,NA,"a959793"
"45e15ef910dd4f72aacf8e48d238faa4","MITxPRO+AMxB+1T2018","html",NA,"71657d7ae16a4ba19d4d4edf3563b96b","Extrusion","e9df83ff6ad245eb83d2b6342ae2e88c","Weeks 4-5: AM Process Knowledge Base (SUPPLEMENTAL)",726,0,0,0,0,0,0,0,0,0,0,NA,NA,NA,NA,NA,NA,NA,NA,NA,NA,"a959793"
"8c4a58a7b5a2403196ecafec131b732a","MITxPRO+AMxB+1T2018","html",NA,"71657d7ae16a4ba19d4d4edf3563b96b","Extrusion","e9df83ff6ad245eb83d2b6342ae2e88c","Weeks 4-5: AM Process Knowledge Base (SUPPLEMENTAL)",728,0,0,0,0,0,0,0,0,0,0,NA,NA,NA,NA,NA,NA,NA,NA,NA,NA,"a959793"
"6b874330e7cd43fc95eb40b01f104fcd","MITxPRO+AMxB+1T2018","video","Mechanical Properties","71657d7ae16a4ba19d4d4edf3563b96b","Extrusion","e9df83ff6ad245eb83d2b6342ae2e88c","Weeks 4-5: AM Process Knowledge Base (SUPPLEMENTAL)",729,0,0,0,0,0,0,0,0,0,0,NA,NA,NA,NA,NA,NA,NA,NA,NA,NA,"a959793"
"6cd09877abad444ea784fd60e2143286","MITxPRO+AMxB+1T2018","html",NA,"71657d7ae16a4ba19d4d4edf3563b96b","Extrusion","e9df83ff6ad245eb83d2b6342ae2e88c","Weeks 4-5: AM Process Knowledge Base (SUPPLEMENTAL)",730,0,0,0,0,0,0,0,0,0,0,NA,NA,NA,NA,NA,NA,NA,NA,NA,NA,"a959793"
"29bb4a241e30431384a94c2e9373209c","MITxPRO+AMxB+1T2018","html",NA,"71657d7ae16a4ba19d4d4edf3563b96b","Extrusion","e9df83ff6ad245eb83d2b6342ae2e88c","Weeks 4-5: AM Process Knowledge Base (SUPPLEMENTAL)",731,0,0,0,0,0,0,0,0,0,0,NA,NA,NA,NA,NA,NA,NA,NA,NA,NA,"a959793"
"514b4b80f75b47efb0a5044a5dff6f02","MITxPRO+AMxB+1T2018","problem","Question #1","71657d7ae16a4ba19d4d4edf3563b96b","Extrusion","e9df83ff6ad245eb83d2b6342ae2e88c","Weeks 4-5: AM Process Knowledge Base (SUPPLEMENTAL)",732,0,0,0,0,0,0,0,0,0,0,NA,NA,NA,NA,NA,NA,NA,NA,NA,NA,"a959793"
"07610bb8d6904ca9b62459000553ee18","MITxPRO+AMxB+1T2018","problem","Question #2","71657d7ae16a4ba19d4d4edf3563b96b","Extrusion","e9df83ff6ad245eb83d2b6342ae2e88c","Weeks 4-5: AM Process Knowledge Base (SUPPLEMENTAL)",733,0,0,0,0,0,0,0,0,0,0,NA,NA,NA,NA,NA,NA,NA,NA,NA,NA,"a959793"
"a55170a392e84a1fba0e0d57d1de1e98","MITxPRO+AMxB+1T2018","problem","Question #3","71657d7ae16a4ba19d4d4edf3563b96b","Extrusion","e9df83ff6ad245eb83d2b6342ae2e88c","Weeks 4-5: AM Process Knowledge Base (SUPPLEMENTAL)",734,0,0,0,0,0,0,0,0,0,0,NA,NA,NA,NA,NA,NA,NA,NA,NA,NA,"a959793"
"5d86c9137fc74264a6f1644486662402","MITxPRO+AMxB+1T2018","html",NA,"71657d7ae16a4ba19d4d4edf3563b96b","Extrusion","e9df83ff6ad245eb83d2b6342ae2e88c","Weeks 4-5: AM Process Knowledge Base (SUPPLEMENTAL)",736,0,0,0,0,0,0,0,0,0,0,NA,NA,NA,NA,NA,NA,NA,NA,NA,NA,"a959793"
"d0a1b8ad8c3447679659fb21534f6753","MITxPRO+AMxB+1T2018","html",NA,"71657d7ae16a4ba19d4d4edf3563b96b","Extrusion","e9df83ff6ad245eb83d2b6342ae2e88c","Weeks 4-5: AM Process Knowledge Base (SUPPLEMENTAL)",737,0,0,0,0,0,0,0,0,0,0,NA,NA,NA,NA,NA,NA,NA,NA,NA,NA,"a959793"
"ed791190f0844f5bb153bfb96967d518","MITxPRO+AMxB+1T2018","html",NA,"71657d7ae16a4ba19d4d4edf3563b96b","Extrusion","e9df83ff6ad245eb83d2b6342ae2e88c","Weeks 4-5: AM Process Knowledge Base (SUPPLEMENTAL)",739,0,0,0,0,0,0,0,0,0,0,NA,NA,NA,NA,NA,NA,NA,NA,NA,NA,"a959793"
"c7a55c2d904f4b8aaa08c674763cbfa8","MITxPRO+AMxB+1T2018","html",NA,"71657d7ae16a4ba19d4d4edf3563b96b","Extrusion","e9df83ff6ad245eb83d2b6342ae2e88c","Weeks 4-5: AM Process Knowledge Base (SUPPLEMENTAL)",740,0,0,0,0,0,0,0,0,0,0,NA,NA,NA,NA,NA,NA,NA,NA,NA,NA,"a959793"
"fbeb2be95bdd409a8711eb8e56706fe1","MITxPRO+AMxB+1T2018","html",NA,"71657d7ae16a4ba19d4d4edf3563b96b","Extrusion","e9df83ff6ad245eb83d2b6342ae2e88c","Weeks 4-5: AM Process Knowledge Base (SUPPLEMENTAL)",742,0,0,0,0,0,0,0,0,0,0,NA,NA,NA,NA,NA,NA,NA,NA,NA,NA,"a959793"
"5c59b11e8d4847a68a4443a434cf2f17","MITxPRO+AMxB+1T2018","html",NA,"bdcd17daadd44b239f2483c13dcb6f12","Photopolymerization","e9df83ff6ad245eb83d2b6342ae2e88c","Weeks 4-5: AM Process Knowledge Base (SUPPLEMENTAL)",745,0,0,0,0,0,0,0,0,0,0,NA,NA,NA,NA,NA,NA,NA,NA,NA,NA,"a959793"
"0a5bddc1df4b49cf9b4d4ff1d9638cdd","MITxPRO+AMxB+1T2018","video","Photopolymerization: Polymer Materials","bdcd17daadd44b239f2483c13dcb6f12","Photopolymerization","e9df83ff6ad245eb83d2b6342ae2e88c","Weeks 4-5: AM Process Knowledge Base (SUPPLEMENTAL)",746,0,0,0,0,0,0,0,0,0,0,NA,NA,NA,NA,NA,NA,NA,NA,NA,NA,"a959793"
"e76aa9491de94c3baaed161be2104fe4","MITxPRO+AMxB+1T2018","html",NA,"bdcd17daadd44b239f2483c13dcb6f12","Photopolymerization","e9df83ff6ad245eb83d2b6342ae2e88c","Weeks 4-5: AM Process Knowledge Base (SUPPLEMENTAL)",747,0,0,0,0,0,0,0,0,0,0,NA,NA,NA,NA,NA,NA,NA,NA,NA,NA,"a959793"
"86193d19360e4d1ba4d2a964185432c2","MITxPRO+AMxB+1T2018","problem","Question #1","bdcd17daadd44b239f2483c13dcb6f12","Photopolymerization","e9df83ff6ad245eb83d2b6342ae2e88c","Weeks 4-5: AM Process Knowledge Base (SUPPLEMENTAL)",748,0,0,0,0,0,0,0,0,0,0,NA,NA,NA,NA,NA,NA,NA,NA,NA,NA,"a959793"
"d0ec956bd233479bb93664edfb8e1db9","MITxPRO+AMxB+1T2018","problem","Question #2","bdcd17daadd44b239f2483c13dcb6f12","Photopolymerization","e9df83ff6ad245eb83d2b6342ae2e88c","Weeks 4-5: AM Process Knowledge Base (SUPPLEMENTAL)",749,0,0,0,0,0,0,0,0,0,0,NA,NA,NA,NA,NA,NA,NA,NA,NA,NA,"a959793"
"9231a448592847d9ac80a3bd679fa197","MITxPRO+AMxB+1T2018","problem","Question #3","bdcd17daadd44b239f2483c13dcb6f12","Photopolymerization","e9df83ff6ad245eb83d2b6342ae2e88c","Weeks 4-5: AM Process Knowledge Base (SUPPLEMENTAL)",750,0,0,0,0,0,0,0,0,0,0,NA,NA,NA,NA,NA,NA,NA,NA,NA,NA,"a959793"
"c27a52d0b32041258bbde2b2c3f4bed3","MITxPRO+AMxB+1T2018","problem","Question #4","bdcd17daadd44b239f2483c13dcb6f12","Photopolymerization","e9df83ff6ad245eb83d2b6342ae2e88c","Weeks 4-5: AM Process Knowledge Base (SUPPLEMENTAL)",751,0,0,0,0,0,0,0,0,0,0,NA,NA,NA,NA,NA,NA,NA,NA,NA,NA,"a959793"
"cc54987f68af4caa9df3d330adde6008","MITxPRO+AMxB+1T2018","problem","Question #5","bdcd17daadd44b239f2483c13dcb6f12","Photopolymerization","e9df83ff6ad245eb83d2b6342ae2e88c","Weeks 4-5: AM Process Knowledge Base (SUPPLEMENTAL)",752,0,0,0,0,0,0,0,0,0,0,NA,NA,NA,NA,NA,NA,NA,NA,NA,NA,"a959793"
"888985adac714a9cb381313224764f28","MITxPRO+AMxB+1T2018","html",NA,"bdcd17daadd44b239f2483c13dcb6f12","Photopolymerization","e9df83ff6ad245eb83d2b6342ae2e88c","Weeks 4-5: AM Process Knowledge Base (SUPPLEMENTAL)",754,0,0,0,0,0,0,0,0,0,0,NA,NA,NA,NA,NA,NA,NA,NA,NA,NA,"a959793"
"7398973828164aa58f9df6c44e23c217","MITxPRO+AMxB+1T2018","video","Photopolymerization Process Physics","bdcd17daadd44b239f2483c13dcb6f12","Photopolymerization","e9df83ff6ad245eb83d2b6342ae2e88c","Weeks 4-5: AM Process Knowledge Base (SUPPLEMENTAL)",755,0,0,0,0,0,0,0,0,0,0,NA,NA,NA,NA,NA,NA,NA,NA,NA,NA,"a959793"
"780432713ec34113852a95a6d7fc279b","MITxPRO+AMxB+1T2018","html",NA,"bdcd17daadd44b239f2483c13dcb6f12","Photopolymerization","e9df83ff6ad245eb83d2b6342ae2e88c","Weeks 4-5: AM Process Knowledge Base (SUPPLEMENTAL)",756,0,0,0,0,0,0,0,0,0,0,NA,NA,NA,NA,NA,NA,NA,NA,NA,NA,"a959793"
"d10c067d93114e3abcf011e40570c56b","MITxPRO+AMxB+1T2018","problem","Question #1","bdcd17daadd44b239f2483c13dcb6f12","Photopolymerization","e9df83ff6ad245eb83d2b6342ae2e88c","Weeks 4-5: AM Process Knowledge Base (SUPPLEMENTAL)",757,0,0,0,0,0,0,0,0,0,0,NA,NA,NA,NA,NA,NA,NA,NA,NA,NA,"a959793"
"6571e88d2c4847c5bf2cfcb20ec3ff17","MITxPRO+AMxB+1T2018","problem","Question #2","bdcd17daadd44b239f2483c13dcb6f12","Photopolymerization","e9df83ff6ad245eb83d2b6342ae2e88c","Weeks 4-5: AM Process Knowledge Base (SUPPLEMENTAL)",758,0,0,0,0,0,0,0,0,0,0,NA,NA,NA,NA,NA,NA,NA,NA,NA,NA,"a959793"
"908ba7011698409bb68d489054a09158","MITxPRO+AMxB+1T2018","problem","Question #3","bdcd17daadd44b239f2483c13dcb6f12","Photopolymerization","e9df83ff6ad245eb83d2b6342ae2e88c","Weeks 4-5: AM Process Knowledge Base (SUPPLEMENTAL)",759,0,0,0,0,0,0,0,0,0,0,NA,NA,NA,NA,NA,NA,NA,NA,NA,NA,"a959793"
"53c90ff59d9a4547a83ac4c27d6bc4c1","MITxPRO+AMxB+1T2018","problem","Question #4","bdcd17daadd44b239f2483c13dcb6f12","Photopolymerization","e9df83ff6ad245eb83d2b6342ae2e88c","Weeks 4-5: AM Process Knowledge Base (SUPPLEMENTAL)",760,0,0,0,0,0,0,0,0,0,0,NA,NA,NA,NA,NA,NA,NA,NA,NA,NA,"a959793"
"5622fd7038e945cfa1f8a70e3b908155","MITxPRO+AMxB+1T2018","html",NA,"bdcd17daadd44b239f2483c13dcb6f12","Photopolymerization","e9df83ff6ad245eb83d2b6342ae2e88c","Weeks 4-5: AM Process Knowledge Base (SUPPLEMENTAL)",762,0,0,0,0,0,0,0,0,0,0,NA,NA,NA,NA,NA,NA,NA,NA,NA,NA,"a959793"
"c04c49faf1a549e19849053fbf0f22f3","MITxPRO+AMxB+1T2018","video","SLA Machine Walkthrough","bdcd17daadd44b239f2483c13dcb6f12","Photopolymerization","e9df83ff6ad245eb83d2b6342ae2e88c","Weeks 4-5: AM Process Knowledge Base (SUPPLEMENTAL)",763,0,0,0,0,0,0,0,0,0,0,NA,NA,NA,NA,NA,NA,NA,NA,NA,NA,"a959793"
"b0f2dc89a77d4c5196c0be7d0ee97303","MITxPRO+AMxB+1T2018","html",NA,"bdcd17daadd44b239f2483c13dcb6f12","Photopolymerization","e9df83ff6ad245eb83d2b6342ae2e88c","Weeks 4-5: AM Process Knowledge Base (SUPPLEMENTAL)",764,0,0,0,0,0,0,0,0,0,0,NA,NA,NA,NA,NA,NA,NA,NA,NA,NA,"a959793"
"37ab6742b43f4da19e9acee12af0459e","MITxPRO+AMxB+1T2018","html",NA,"bdcd17daadd44b239f2483c13dcb6f12","Photopolymerization","e9df83ff6ad245eb83d2b6342ae2e88c","Weeks 4-5: AM Process Knowledge Base (SUPPLEMENTAL)",765,0,0,0,0,0,0,0,0,0,0,NA,NA,NA,NA,NA,NA,NA,NA,NA,NA,"a959793"
"095614d0a1e342a9883b30b0999b45ff","MITxPRO+AMxB+1T2018","html",NA,"bdcd17daadd44b239f2483c13dcb6f12","Photopolymerization","e9df83ff6ad245eb83d2b6342ae2e88c","Weeks 4-5: AM Process Knowledge Base (SUPPLEMENTAL)",766,0,0,0,0,0,0,0,0,0,0,NA,NA,NA,NA,NA,NA,NA,NA,NA,NA,"a959793"
"9269d78b31de4957afa1c5a67f81edc1","MITxPRO+AMxB+1T2018","html",NA,"bdcd17daadd44b239f2483c13dcb6f12","Photopolymerization","e9df83ff6ad245eb83d2b6342ae2e88c","Weeks 4-5: AM Process Knowledge Base (SUPPLEMENTAL)",768,0,0,0,0,0,0,0,0,0,0,NA,NA,NA,NA,NA,NA,NA,NA,NA,NA,"a959793"
"be912585563f44f3862d684867a40fff","MITxPRO+AMxB+1T2018","html",NA,"bdcd17daadd44b239f2483c13dcb6f12","Photopolymerization","e9df83ff6ad245eb83d2b6342ae2e88c","Weeks 4-5: AM Process Knowledge Base (SUPPLEMENTAL)",769,0,0,0,0,0,0,0,0,0,0,NA,NA,NA,NA,NA,NA,NA,NA,NA,NA,"a959793"
"afd901e9caa3441fa29d0dce6aa45e47","MITxPRO+AMxB+1T2018","html",NA,"bdcd17daadd44b239f2483c13dcb6f12","Photopolymerization","e9df83ff6ad245eb83d2b6342ae2e88c","Weeks 4-5: AM Process Knowledge Base (SUPPLEMENTAL)",770,0,0,0,0,0,0,0,0,0,0,NA,NA,NA,NA,NA,NA,NA,NA,NA,NA,"a959793"
"3034ae6c80a540eaacf9b1ebab3a3b1f","MITxPRO+AMxB+1T2018","html",NA,"bdcd17daadd44b239f2483c13dcb6f12","Photopolymerization","e9df83ff6ad245eb83d2b6342ae2e88c","Weeks 4-5: AM Process Knowledge Base (SUPPLEMENTAL)",772,0,0,0,0,0,0,0,0,0,0,NA,NA,NA,NA,NA,NA,NA,NA,NA,NA,"a959793"
"4c383fc635b34b5ebb175b1221abd424","MITxPRO+AMxB+1T2018","html",NA,"bdcd17daadd44b239f2483c13dcb6f12","Photopolymerization","e9df83ff6ad245eb83d2b6342ae2e88c","Weeks 4-5: AM Process Knowledge Base (SUPPLEMENTAL)",773,0,0,0,0,0,0,0,0,0,0,NA,NA,NA,NA,NA,NA,NA,NA,NA,NA,"a959793"
"e7abd2f43d3449158e43fe0b29547709","MITxPRO+AMxB+1T2018","html",NA,"bdcd17daadd44b239f2483c13dcb6f12","Photopolymerization","e9df83ff6ad245eb83d2b6342ae2e88c","Weeks 4-5: AM Process Knowledge Base (SUPPLEMENTAL)",775,0,0,0,0,0,0,0,0,0,0,NA,NA,NA,NA,NA,NA,NA,NA,NA,NA,"a959793"
"085d322fab7a4a70bb44caaf20312501","MITxPRO+AMxB+1T2018","html",NA,"e8eae082915343728c43a9f435d82616","Selective Laser Sintering","e9df83ff6ad245eb83d2b6342ae2e88c","Weeks 4-5: AM Process Knowledge Base (SUPPLEMENTAL)",778,0,0,0,0,0,0,0,0,0,0,NA,NA,NA,NA,NA,NA,NA,NA,NA,NA,"a959793"
"99042009daed49118fd9cfa1616859d1","MITxPRO+AMxB+1T2018","video","SLS Materials and Process Physics","e8eae082915343728c43a9f435d82616","Selective Laser Sintering","e9df83ff6ad245eb83d2b6342ae2e88c","Weeks 4-5: AM Process Knowledge Base (SUPPLEMENTAL)",779,0,0,0,0,0,0,0,0,0,0,NA,NA,NA,NA,NA,NA,NA,NA,NA,NA,"a959793"
"03b3a59fd4b5420b8096f9a4f032651c","MITxPRO+AMxB+1T2018","html",NA,"e8eae082915343728c43a9f435d82616","Selective Laser Sintering","e9df83ff6ad245eb83d2b6342ae2e88c","Weeks 4-5: AM Process Knowledge Base (SUPPLEMENTAL)",780,0,0,0,0,0,0,0,0,0,0,NA,NA,NA,NA,NA,NA,NA,NA,NA,NA,"a959793"
"311d1b2861e14e3f8bfaa7a9a5f13514","MITxPRO+AMxB+1T2018","html",NA,"e8eae082915343728c43a9f435d82616","Selective Laser Sintering","e9df83ff6ad245eb83d2b6342ae2e88c","Weeks 4-5: AM Process Knowledge Base (SUPPLEMENTAL)",781,0,0,0,0,0,0,0,0,0,0,NA,NA,NA,NA,NA,NA,NA,NA,NA,NA,"a959793"
"ff2b962f52394cefacaaedf17cc229d8","MITxPRO+AMxB+1T2018","html",NA,"e8eae082915343728c43a9f435d82616","Selective Laser Sintering","e9df83ff6ad245eb83d2b6342ae2e88c","Weeks 4-5: AM Process Knowledge Base (SUPPLEMENTAL)",782,0,0,0,0,0,0,0,0,0,0,NA,NA,NA,NA,NA,NA,NA,NA,NA,NA,"a959793"
"83573e9d567b4ab8bd842c9b84cd51a3","MITxPRO+AMxB+1T2018","html",NA,"e8eae082915343728c43a9f435d82616","Selective Laser Sintering","e9df83ff6ad245eb83d2b6342ae2e88c","Weeks 4-5: AM Process Knowledge Base (SUPPLEMENTAL)",783,0,0,0,0,0,0,0,0,0,0,NA,NA,NA,NA,NA,NA,NA,NA,NA,NA,"a959793"
"54ba949f63764598b91a551847b7c4b8","MITxPRO+AMxB+1T2018","problem","Question #1","e8eae082915343728c43a9f435d82616","Selective Laser Sintering","e9df83ff6ad245eb83d2b6342ae2e88c","Weeks 4-5: AM Process Knowledge Base (SUPPLEMENTAL)",784,0,0,0,0,0,0,0,0,0,0,NA,NA,NA,NA,NA,NA,NA,NA,NA,NA,"a959793"
"49f849dfacd34f6f8ab1f68cc43d6ac4","MITxPRO+AMxB+1T2018","problem","Question #2","e8eae082915343728c43a9f435d82616","Selective Laser Sintering","e9df83ff6ad245eb83d2b6342ae2e88c","Weeks 4-5: AM Process Knowledge Base (SUPPLEMENTAL)",785,0,0,0,0,0,0,0,0,0,0,NA,NA,NA,NA,NA,NA,NA,NA,NA,NA,"a959793"
"f498e09a4e0a498dbea450754af1ec6d","MITxPRO+AMxB+1T2018","problem","Question #3","e8eae082915343728c43a9f435d82616","Selective Laser Sintering","e9df83ff6ad245eb83d2b6342ae2e88c","Weeks 4-5: AM Process Knowledge Base (SUPPLEMENTAL)",786,0,0,0,0,0,0,0,0,0,0,NA,NA,NA,NA,NA,NA,NA,NA,NA,NA,"a959793"
"eb0fb315a003433497afc0a6a235bd45","MITxPRO+AMxB+1T2018","problem","Question #4","e8eae082915343728c43a9f435d82616","Selective Laser Sintering","e9df83ff6ad245eb83d2b6342ae2e88c","Weeks 4-5: AM Process Knowledge Base (SUPPLEMENTAL)",787,0,0,0,0,0,0,0,0,0,0,NA,NA,NA,NA,NA,NA,NA,NA,NA,NA,"a959793"
"99312d6169214c80abb0f1ff843af63c","MITxPRO+AMxB+1T2018","problem","Question #5","e8eae082915343728c43a9f435d82616","Selective Laser Sintering","e9df83ff6ad245eb83d2b6342ae2e88c","Weeks 4-5: AM Process Knowledge Base (SUPPLEMENTAL)",788,0,0,0,0,0,0,0,0,0,0,NA,NA,NA,NA,NA,NA,NA,NA,NA,NA,"a959793"
"b8083104495b401ca2dbf89321e3ebbc","MITxPRO+AMxB+1T2018","html",NA,"e8eae082915343728c43a9f435d82616","Selective Laser Sintering","e9df83ff6ad245eb83d2b6342ae2e88c","Weeks 4-5: AM Process Knowledge Base (SUPPLEMENTAL)",790,0,0,0,0,0,0,0,0,0,0,NA,NA,NA,NA,NA,NA,NA,NA,NA,NA,"a959793"
"b3cad7fcaa80421aaebb7ab0227fc650","MITxPRO+AMxB+1T2018","video","High-Speed Sintering","e8eae082915343728c43a9f435d82616","Selective Laser Sintering","e9df83ff6ad245eb83d2b6342ae2e88c","Weeks 4-5: AM Process Knowledge Base (SUPPLEMENTAL)",791,0,0,0,0,0,0,0,0,0,0,NA,NA,NA,NA,NA,NA,NA,NA,NA,NA,"a959793"
"dc0730f8e6454e15b38a77900bfd44e2","MITxPRO+AMxB+1T2018","html",NA,"e8eae082915343728c43a9f435d82616","Selective Laser Sintering","e9df83ff6ad245eb83d2b6342ae2e88c","Weeks 4-5: AM Process Knowledge Base (SUPPLEMENTAL)",792,0,0,0,0,0,0,0,0,0,0,NA,NA,NA,NA,NA,NA,NA,NA,NA,NA,"a959793"
"b5766aa89ce14095a0bfbd7716a46483","MITxPRO+AMxB+1T2018","video","HP Multi-Jet Fusion Process","e8eae082915343728c43a9f435d82616","Selective Laser Sintering","e9df83ff6ad245eb83d2b6342ae2e88c","Weeks 4-5: AM Process Knowledge Base (SUPPLEMENTAL)",793,0,0,0,0,0,0,0,0,0,0,NA,NA,NA,NA,NA,NA,NA,NA,NA,NA,"a959793"
"ecff6625c4cb4231ab1992e5411e02e0","MITxPRO+AMxB+1T2018","html",NA,"e8eae082915343728c43a9f435d82616","Selective Laser Sintering","e9df83ff6ad245eb83d2b6342ae2e88c","Weeks 4-5: AM Process Knowledge Base (SUPPLEMENTAL)",795,0,0,0,0,0,0,0,0,0,0,NA,NA,NA,NA,NA,NA,NA,NA,NA,NA,"a959793"
"1009175442a64ccabbf501eaeaf11478","MITxPRO+AMxB+1T2018","video","SLS Machine Walkthrough","e8eae082915343728c43a9f435d82616","Selective Laser Sintering","e9df83ff6ad245eb83d2b6342ae2e88c","Weeks 4-5: AM Process Knowledge Base (SUPPLEMENTAL)",796,0,0,0,0,0,0,0,0,0,0,NA,NA,NA,NA,NA,NA,NA,NA,NA,NA,"a959793"
"6cf9b8c275cc47be88fbfb60256b04e2","MITxPRO+AMxB+1T2018","html",NA,"e8eae082915343728c43a9f435d82616","Selective Laser Sintering","e9df83ff6ad245eb83d2b6342ae2e88c","Weeks 4-5: AM Process Knowledge Base (SUPPLEMENTAL)",797,0,0,0,0,0,0,0,0,0,0,NA,NA,NA,NA,NA,NA,NA,NA,NA,NA,"a959793"
"5c4690d551344e22a8f9bdc3b520e288","MITxPRO+AMxB+1T2018","html",NA,"e8eae082915343728c43a9f435d82616","Selective Laser Sintering","e9df83ff6ad245eb83d2b6342ae2e88c","Weeks 4-5: AM Process Knowledge Base (SUPPLEMENTAL)",798,0,0,0,0,0,0,0,0,0,0,NA,NA,NA,NA,NA,NA,NA,NA,NA,NA,"a959793"
"e43187f81add4f8485884604034df855","MITxPRO+AMxB+1T2018","video","MJF Machine Walkthrough","e8eae082915343728c43a9f435d82616","Selective Laser Sintering","e9df83ff6ad245eb83d2b6342ae2e88c","Weeks 4-5: AM Process Knowledge Base (SUPPLEMENTAL)",799,0,0,0,0,0,0,0,0,0,0,NA,NA,NA,NA,NA,NA,NA,NA,NA,NA,"a959793"
"c07d9d6470064625b9da3922c85d29b3","MITxPRO+AMxB+1T2018","html",NA,"e8eae082915343728c43a9f435d82616","Selective Laser Sintering","e9df83ff6ad245eb83d2b6342ae2e88c","Weeks 4-5: AM Process Knowledge Base (SUPPLEMENTAL)",800,0,0,0,0,0,0,0,0,0,0,NA,NA,NA,NA,NA,NA,NA,NA,NA,NA,"a959793"
"d23d538bd3694cc6bbb62edb0f8e5c40","MITxPRO+AMxB+1T2018","html",NA,"e8eae082915343728c43a9f435d82616","Selective Laser Sintering","e9df83ff6ad245eb83d2b6342ae2e88c","Weeks 4-5: AM Process Knowledge Base (SUPPLEMENTAL)",802,0,0,0,0,0,0,0,0,0,0,NA,NA,NA,NA,NA,NA,NA,NA,NA,NA,"a959793"
"e5954595bfc54050acf59b57a9ac4abe","MITxPRO+AMxB+1T2018","html",NA,"e8eae082915343728c43a9f435d82616","Selective Laser Sintering","e9df83ff6ad245eb83d2b6342ae2e88c","Weeks 4-5: AM Process Knowledge Base (SUPPLEMENTAL)",804,0,0,0,0,0,0,0,0,0,0,NA,NA,NA,NA,NA,NA,NA,NA,NA,NA,"a959793"
"3afe32e3c5f44b57b5f8967bc386bc1d","MITxPRO+AMxB+1T2018","html",NA,"e8eae082915343728c43a9f435d82616","Selective Laser Sintering","e9df83ff6ad245eb83d2b6342ae2e88c","Weeks 4-5: AM Process Knowledge Base (SUPPLEMENTAL)",805,0,0,0,0,0,0,0,0,0,0,NA,NA,NA,NA,NA,NA,NA,NA,NA,NA,"a959793"
"50d4b24c0dfd4452a253ac7a61291669","MITxPRO+AMxB+1T2018","html",NA,"65ccea3cb4c84fa49f5b7a84dfce8f04","Selective Laser Melting","e9df83ff6ad245eb83d2b6342ae2e88c","Weeks 4-5: AM Process Knowledge Base (SUPPLEMENTAL)",808,0,0,0,0,0,0,0,0,0,0,NA,NA,NA,NA,NA,NA,NA,NA,NA,NA,"a959793"
"3f4d9d3d4a21425ca394a77702b35e54","MITxPRO+AMxB+1T2018","video","Powder Synthesis and Spreading Mechanics","65ccea3cb4c84fa49f5b7a84dfce8f04","Selective Laser Melting","e9df83ff6ad245eb83d2b6342ae2e88c","Weeks 4-5: AM Process Knowledge Base (SUPPLEMENTAL)",809,0,0,0,0,0,0,0,0,0,0,NA,NA,NA,NA,NA,NA,NA,NA,NA,NA,"a959793"
"8df2479a8d624127a9c01240924b43ed","MITxPRO+AMxB+1T2018","html",NA,"65ccea3cb4c84fa49f5b7a84dfce8f04","Selective Laser Melting","e9df83ff6ad245eb83d2b6342ae2e88c","Weeks 4-5: AM Process Knowledge Base (SUPPLEMENTAL)",810,0,0,0,0,0,0,0,0,0,0,NA,NA,NA,NA,NA,NA,NA,NA,NA,NA,"a959793"
"9114308e9de24be39d6c642077e3805e","MITxPRO+AMxB+1T2018","html",NA,"65ccea3cb4c84fa49f5b7a84dfce8f04","Selective Laser Melting","e9df83ff6ad245eb83d2b6342ae2e88c","Weeks 4-5: AM Process Knowledge Base (SUPPLEMENTAL)",811,0,0,0,0,0,0,0,0,0,0,NA,NA,NA,NA,NA,NA,NA,NA,NA,NA,"a959793"
"a063f4538e8b46aabb433ddc9809b59e","MITxPRO+AMxB+1T2018","html",NA,"65ccea3cb4c84fa49f5b7a84dfce8f04","Selective Laser Melting","e9df83ff6ad245eb83d2b6342ae2e88c","Weeks 4-5: AM Process Knowledge Base (SUPPLEMENTAL)",812,0,0,0,0,0,0,0,0,0,0,NA,NA,NA,NA,NA,NA,NA,NA,NA,NA,"a959793"
"ffd56e2685e94bcdbcd34dea17b84fc6","MITxPRO+AMxB+1T2018","html",NA,"65ccea3cb4c84fa49f5b7a84dfce8f04","Selective Laser Melting","e9df83ff6ad245eb83d2b6342ae2e88c","Weeks 4-5: AM Process Knowledge Base (SUPPLEMENTAL)",813,0,0,0,0,0,0,0,0,0,0,NA,NA,NA,NA,NA,NA,NA,NA,NA,NA,"a959793"
"63d61e6c990142c99e30890b2f028da5","MITxPRO+AMxB+1T2018","html",NA,"65ccea3cb4c84fa49f5b7a84dfce8f04","Selective Laser Melting","e9df83ff6ad245eb83d2b6342ae2e88c","Weeks 4-5: AM Process Knowledge Base (SUPPLEMENTAL)",815,0,0,0,0,0,0,0,0,0,0,NA,NA,NA,NA,NA,NA,NA,NA,NA,NA,"a959793"
"93f2cdec9c60406a809f36723d127f67","MITxPRO+AMxB+1T2018","video","Meltpool Formation and Stability","65ccea3cb4c84fa49f5b7a84dfce8f04","Selective Laser Melting","e9df83ff6ad245eb83d2b6342ae2e88c","Weeks 4-5: AM Process Knowledge Base (SUPPLEMENTAL)",816,0,0,0,0,0,0,0,0,0,0,NA,NA,NA,NA,NA,NA,NA,NA,NA,NA,"a959793"
"56d9c79f7b3641bc9fbb3dafbbdd8e99","MITxPRO+AMxB+1T2018","html",NA,"65ccea3cb4c84fa49f5b7a84dfce8f04","Selective Laser Melting","e9df83ff6ad245eb83d2b6342ae2e88c","Weeks 4-5: AM Process Knowledge Base (SUPPLEMENTAL)",817,0,0,0,0,0,0,0,0,0,0,NA,NA,NA,NA,NA,NA,NA,NA,NA,NA,"a959793"
"0a0ab71ac1fd44deb00b8ce4a300af59","MITxPRO+AMxB+1T2018","html",NA,"65ccea3cb4c84fa49f5b7a84dfce8f04","Selective Laser Melting","e9df83ff6ad245eb83d2b6342ae2e88c","Weeks 4-5: AM Process Knowledge Base (SUPPLEMENTAL)",818,0,0,0,0,0,0,0,0,0,0,NA,NA,NA,NA,NA,NA,NA,NA,NA,NA,"a959793"
"47f7183436de4aa29ee785125acbabf3","MITxPRO+AMxB+1T2018","html",NA,"65ccea3cb4c84fa49f5b7a84dfce8f04","Selective Laser Melting","e9df83ff6ad245eb83d2b6342ae2e88c","Weeks 4-5: AM Process Knowledge Base (SUPPLEMENTAL)",819,0,0,0,0,0,0,0,0,0,0,NA,NA,NA,NA,NA,NA,NA,NA,NA,NA,"a959793"
"6f1109a097a141e0b39a941ad74a8be3","MITxPRO+AMxB+1T2018","problem","Question #1","65ccea3cb4c84fa49f5b7a84dfce8f04","Selective Laser Melting","e9df83ff6ad245eb83d2b6342ae2e88c","Weeks 4-5: AM Process Knowledge Base (SUPPLEMENTAL)",820,0,0,0,0,0,0,0,0,0,0,NA,NA,NA,NA,NA,NA,NA,NA,NA,NA,"a959793"
"a0fb917edc9b4d19a3459d96dd3263a8","MITxPRO+AMxB+1T2018","problem","Question #2","65ccea3cb4c84fa49f5b7a84dfce8f04","Selective Laser Melting","e9df83ff6ad245eb83d2b6342ae2e88c","Weeks 4-5: AM Process Knowledge Base (SUPPLEMENTAL)",821,0,0,0,0,0,0,0,0,0,0,NA,NA,NA,NA,NA,NA,NA,NA,NA,NA,"a959793"
"7e01056268804026bc6e0ad2242feb70","MITxPRO+AMxB+1T2018","problem","Question #3","65ccea3cb4c84fa49f5b7a84dfce8f04","Selective Laser Melting","e9df83ff6ad245eb83d2b6342ae2e88c","Weeks 4-5: AM Process Knowledge Base (SUPPLEMENTAL)",822,0,0,0,0,0,0,0,0,0,0,NA,NA,NA,NA,NA,NA,NA,NA,NA,NA,"a959793"
"c8bfb80f48a542c6a6d79fe3175636cd","MITxPRO+AMxB+1T2018","problem","Question #4","65ccea3cb4c84fa49f5b7a84dfce8f04","Selective Laser Melting","e9df83ff6ad245eb83d2b6342ae2e88c","Weeks 4-5: AM Process Knowledge Base (SUPPLEMENTAL)",823,0,0,0,0,0,0,0,0,0,0,NA,NA,NA,NA,NA,NA,NA,NA,NA,NA,"a959793"
"ecbaf140af704a42a78099a2e680c946","MITxPRO+AMxB+1T2018","html",NA,"65ccea3cb4c84fa49f5b7a84dfce8f04","Selective Laser Melting","e9df83ff6ad245eb83d2b6342ae2e88c","Weeks 4-5: AM Process Knowledge Base (SUPPLEMENTAL)",825,0,0,0,0,0,0,0,0,0,0,NA,NA,NA,NA,NA,NA,NA,NA,NA,NA,"a959793"
"e1b5594c17ce45b5a419b1bd85d6e10f","MITxPRO+AMxB+1T2018","video","Process Parameter Optimization","65ccea3cb4c84fa49f5b7a84dfce8f04","Selective Laser Melting","e9df83ff6ad245eb83d2b6342ae2e88c","Weeks 4-5: AM Process Knowledge Base (SUPPLEMENTAL)",826,0,0,0,0,0,0,0,0,0,0,NA,NA,NA,NA,NA,NA,NA,NA,NA,NA,"a959793"
"92486feef1f34f64a6152824764e2135","MITxPRO+AMxB+1T2018","html",NA,"65ccea3cb4c84fa49f5b7a84dfce8f04","Selective Laser Melting","e9df83ff6ad245eb83d2b6342ae2e88c","Weeks 4-5: AM Process Knowledge Base (SUPPLEMENTAL)",827,0,0,0,0,0,0,0,0,0,0,NA,NA,NA,NA,NA,NA,NA,NA,NA,NA,"a959793"
"5c8db020c34f4f3a918205556a4e73ca","MITxPRO+AMxB+1T2018","html",NA,"65ccea3cb4c84fa49f5b7a84dfce8f04","Selective Laser Melting","e9df83ff6ad245eb83d2b6342ae2e88c","Weeks 4-5: AM Process Knowledge Base (SUPPLEMENTAL)",828,0,0,0,0,0,0,0,0,0,0,NA,NA,NA,NA,NA,NA,NA,NA,NA,NA,"a959793"
"c59e66fa3fdb47a592c7fd5e1d6df58c","MITxPRO+AMxB+1T2018","html",NA,"65ccea3cb4c84fa49f5b7a84dfce8f04","Selective Laser Melting","e9df83ff6ad245eb83d2b6342ae2e88c","Weeks 4-5: AM Process Knowledge Base (SUPPLEMENTAL)",829,0,0,0,0,0,0,0,0,0,0,NA,NA,NA,NA,NA,NA,NA,NA,NA,NA,"a959793"
"32a7aaab9b1041bfa1844573c7ad9e5e","MITxPRO+AMxB+1T2018","problem","Question #1","65ccea3cb4c84fa49f5b7a84dfce8f04","Selective Laser Melting","e9df83ff6ad245eb83d2b6342ae2e88c","Weeks 4-5: AM Process Knowledge Base (SUPPLEMENTAL)",830,0,0,0,0,0,0,0,0,0,0,NA,NA,NA,NA,NA,NA,NA,NA,NA,NA,"a959793"
"5472d00d73d14d75abad312961abe0b6","MITxPRO+AMxB+1T2018","problem","Question #2","65ccea3cb4c84fa49f5b7a84dfce8f04","Selective Laser Melting","e9df83ff6ad245eb83d2b6342ae2e88c","Weeks 4-5: AM Process Knowledge Base (SUPPLEMENTAL)",831,0,0,0,0,0,0,0,0,0,0,NA,NA,NA,NA,NA,NA,NA,NA,NA,NA,"a959793"
"83d2b04747664f13b23ff5555cb69d73","MITxPRO+AMxB+1T2018","problem","Question #3","65ccea3cb4c84fa49f5b7a84dfce8f04","Selective Laser Melting","e9df83ff6ad245eb83d2b6342ae2e88c","Weeks 4-5: AM Process Knowledge Base (SUPPLEMENTAL)",832,0,0,0,0,0,0,0,0,0,0,NA,NA,NA,NA,NA,NA,NA,NA,NA,NA,"a959793"
"d9f1ec6bc6044dd7a4261727bbb01a1a","MITxPRO+AMxB+1T2018","problem","Question #4","65ccea3cb4c84fa49f5b7a84dfce8f04","Selective Laser Melting","e9df83ff6ad245eb83d2b6342ae2e88c","Weeks 4-5: AM Process Knowledge Base (SUPPLEMENTAL)",833,0,0,0,0,0,0,0,0,0,0,NA,NA,NA,NA,NA,NA,NA,NA,NA,NA,"a959793"
"55c33e0fc5174be3958758d8f96a4fcf","MITxPRO+AMxB+1T2018","problem","Question #5","65ccea3cb4c84fa49f5b7a84dfce8f04","Selective Laser Melting","e9df83ff6ad245eb83d2b6342ae2e88c","Weeks 4-5: AM Process Knowledge Base (SUPPLEMENTAL)",834,0,0,0,0,0,0,0,0,0,0,NA,NA,NA,NA,NA,NA,NA,NA,NA,NA,"a959793"
"abd495a6f2e348afae1693f8b5b81259","MITxPRO+AMxB+1T2018","html",NA,"65ccea3cb4c84fa49f5b7a84dfce8f04","Selective Laser Melting","e9df83ff6ad245eb83d2b6342ae2e88c","Weeks 4-5: AM Process Knowledge Base (SUPPLEMENTAL)",836,0,0,0,0,0,0,0,0,0,0,NA,NA,NA,NA,NA,NA,NA,NA,NA,NA,"a959793"
"8689cbf217ae4e668201e31c85744919","MITxPRO+AMxB+1T2018","video","SLM Machine Walkthrough","65ccea3cb4c84fa49f5b7a84dfce8f04","Selective Laser Melting","e9df83ff6ad245eb83d2b6342ae2e88c","Weeks 4-5: AM Process Knowledge Base (SUPPLEMENTAL)",837,0,0,0,0,0,0,0,0,0,0,NA,NA,NA,NA,NA,NA,NA,NA,NA,NA,"a959793"
"949c7e164acb43188d7cb270d59fb305","MITxPRO+AMxB+1T2018","html",NA,"65ccea3cb4c84fa49f5b7a84dfce8f04","Selective Laser Melting","e9df83ff6ad245eb83d2b6342ae2e88c","Weeks 4-5: AM Process Knowledge Base (SUPPLEMENTAL)",838,0,0,0,0,0,0,0,0,0,0,NA,NA,NA,NA,NA,NA,NA,NA,NA,NA,"a959793"
"87cc87fa8d134b379bd72ceb0d3863d2","MITxPRO+AMxB+1T2018","video","Quad-laser SLM system (Renishaw 500Q)","65ccea3cb4c84fa49f5b7a84dfce8f04","Selective Laser Melting","e9df83ff6ad245eb83d2b6342ae2e88c","Weeks 4-5: AM Process Knowledge Base (SUPPLEMENTAL)",839,0,0,0,0,0,0,0,0,0,0,NA,NA,NA,NA,NA,NA,NA,NA,NA,NA,"a959793"
"fcc9965abdab43b189f8bc1f28e9c7f0","MITxPRO+AMxB+1T2018","html",NA,"65ccea3cb4c84fa49f5b7a84dfce8f04","Selective Laser Melting","e9df83ff6ad245eb83d2b6342ae2e88c","Weeks 4-5: AM Process Knowledge Base (SUPPLEMENTAL)",840,0,0,0,0,0,0,0,0,0,0,NA,NA,NA,NA,NA,NA,NA,NA,NA,NA,"a959793"
"a67aaef4c52642538086867a9ff4ba99","MITxPRO+AMxB+1T2018","html",NA,"65ccea3cb4c84fa49f5b7a84dfce8f04","Selective Laser Melting","e9df83ff6ad245eb83d2b6342ae2e88c","Weeks 4-5: AM Process Knowledge Base (SUPPLEMENTAL)",842,0,0,0,0,0,0,0,0,0,0,NA,NA,NA,NA,NA,NA,NA,NA,NA,NA,"a959793"
"0f5113b5f04049f495578c458a032dd4","MITxPRO+AMxB+1T2018","html",NA,"65ccea3cb4c84fa49f5b7a84dfce8f04","Selective Laser Melting","e9df83ff6ad245eb83d2b6342ae2e88c","Weeks 4-5: AM Process Knowledge Base (SUPPLEMENTAL)",843,0,0,0,0,0,0,0,0,0,0,NA,NA,NA,NA,NA,NA,NA,NA,NA,NA,"a959793"
"02c1922963db4602bcd8eb9ddf730b86","MITxPRO+AMxB+1T2018","html",NA,"65ccea3cb4c84fa49f5b7a84dfce8f04","Selective Laser Melting","e9df83ff6ad245eb83d2b6342ae2e88c","Weeks 4-5: AM Process Knowledge Base (SUPPLEMENTAL)",844,0,0,0,0,0,0,0,0,0,0,NA,NA,NA,NA,NA,NA,NA,NA,NA,NA,"a959793"
"3ce058e7f9b649c3961921a3b6175659","MITxPRO+AMxB+1T2018","html",NA,"65ccea3cb4c84fa49f5b7a84dfce8f04","Selective Laser Melting","e9df83ff6ad245eb83d2b6342ae2e88c","Weeks 4-5: AM Process Knowledge Base (SUPPLEMENTAL)",845,0,0,0,0,0,0,0,0,0,0,NA,NA,NA,NA,NA,NA,NA,NA,NA,NA,"a959793"
"658f04ca188c4b5a8e0c08160fd3e59d","MITxPRO+AMxB+1T2018","html",NA,"65ccea3cb4c84fa49f5b7a84dfce8f04","Selective Laser Melting","e9df83ff6ad245eb83d2b6342ae2e88c","Weeks 4-5: AM Process Knowledge Base (SUPPLEMENTAL)",847,1,1,1,1,0.45,1,0,1,0,0,NA,NA,NA,NA,NA,NA,NA,NA,NA,NA,"a959793"
"376ab2558d6840b4b65bafeade17b077","MITxPRO+AMxB+1T2018","html",NA,"65ccea3cb4c84fa49f5b7a84dfce8f04","Selective Laser Melting","e9df83ff6ad245eb83d2b6342ae2e88c","Weeks 4-5: AM Process Knowledge Base (SUPPLEMENTAL)",848,0,0,0,0,0,0,0,0,0,0,NA,NA,NA,NA,NA,NA,NA,NA,NA,NA,"a959793"
"18d99b14f8cb4290a54d630cfabc15a9","MITxPRO+AMxB+1T2018","html",NA,"65ccea3cb4c84fa49f5b7a84dfce8f04","Selective Laser Melting","e9df83ff6ad245eb83d2b6342ae2e88c","Weeks 4-5: AM Process Knowledge Base (SUPPLEMENTAL)",849,0,0,0,0,0,0,0,0,0,0,NA,NA,NA,NA,NA,NA,NA,NA,NA,NA,"a959793"
"be884bf9d0ff4ee9bed9298e948bcb6e","MITxPRO+AMxB+1T2018","html",NA,"65ccea3cb4c84fa49f5b7a84dfce8f04","Selective Laser Melting","e9df83ff6ad245eb83d2b6342ae2e88c","Weeks 4-5: AM Process Knowledge Base (SUPPLEMENTAL)",850,0,0,0,0,0,0,0,0,0,0,NA,NA,NA,NA,NA,NA,NA,NA,NA,NA,"a959793"
"6d672d08da794867b9cf50897ab3bc0b","MITxPRO+AMxB+1T2018","html",NA,"65ccea3cb4c84fa49f5b7a84dfce8f04","Selective Laser Melting","e9df83ff6ad245eb83d2b6342ae2e88c","Weeks 4-5: AM Process Knowledge Base (SUPPLEMENTAL)",851,1,2,1,2,0.85,2,0,0,2,0,NA,NA,NA,NA,NA,NA,NA,NA,NA,NA,"a959793"
"9affd8ec4e7c485fb104f5d2e6cf607c","MITxPRO+AMxB+1T2018","html",NA,"65ccea3cb4c84fa49f5b7a84dfce8f04","Selective Laser Melting","e9df83ff6ad245eb83d2b6342ae2e88c","Weeks 4-5: AM Process Knowledge Base (SUPPLEMENTAL)",852,0,0,0,0,0,0,0,0,0,0,NA,NA,NA,NA,NA,NA,NA,NA,NA,NA,"a959793"
"4c5566bb955b49dcbbc25482709cb77b","MITxPRO+AMxB+1T2018","html",NA,"65ccea3cb4c84fa49f5b7a84dfce8f04","Selective Laser Melting","e9df83ff6ad245eb83d2b6342ae2e88c","Weeks 4-5: AM Process Knowledge Base (SUPPLEMENTAL)",853,0,0,0,0,0,0,0,0,0,0,NA,NA,NA,NA,NA,NA,NA,NA,NA,NA,"a959793"
"2aac69840d844b7a8cf6ce6fb6379776","MITxPRO+AMxB+1T2018","html",NA,"65ccea3cb4c84fa49f5b7a84dfce8f04","Selective Laser Melting","e9df83ff6ad245eb83d2b6342ae2e88c","Weeks 4-5: AM Process Knowledge Base (SUPPLEMENTAL)",854,0,0,0,0,0,0,0,0,0,0,NA,NA,NA,NA,NA,NA,NA,NA,NA,NA,"a959793"
"b1d57890863249fe8d6f597edbad4112","MITxPRO+AMxB+1T2018","html",NA,"65ccea3cb4c84fa49f5b7a84dfce8f04","Selective Laser Melting","e9df83ff6ad245eb83d2b6342ae2e88c","Weeks 4-5: AM Process Knowledge Base (SUPPLEMENTAL)",855,0,0,0,0,0,0,0,0,0,0,NA,NA,NA,NA,NA,NA,NA,NA,NA,NA,"a959793"
"6c4de1af411a4fa49e43b982961edcab","MITxPRO+AMxB+1T2018","html",NA,"65ccea3cb4c84fa49f5b7a84dfce8f04","Selective Laser Melting","e9df83ff6ad245eb83d2b6342ae2e88c","Weeks 4-5: AM Process Knowledge Base (SUPPLEMENTAL)",857,0,0,0,0,0,0,0,0,0,0,NA,NA,NA,NA,NA,NA,NA,NA,NA,NA,"a959793"
"cb0c056dda254d9899f7baf8ab1786d3","MITxPRO+AMxB+1T2018","html",NA,"65ccea3cb4c84fa49f5b7a84dfce8f04","Selective Laser Melting","e9df83ff6ad245eb83d2b6342ae2e88c","Weeks 4-5: AM Process Knowledge Base (SUPPLEMENTAL)",858,0,0,0,0,0,0,0,0,0,0,NA,NA,NA,NA,NA,NA,NA,NA,NA,NA,"a959793"
"8fa03b1b2994424a877f41676e31bb08","MITxPRO+AMxB+1T2018","html",NA,"b3697a95e4ad4b0c8986de9305c532da","Electron Beam Melting","e9df83ff6ad245eb83d2b6342ae2e88c","Weeks 4-5: AM Process Knowledge Base (SUPPLEMENTAL)",861,0,0,0,0,0,0,0,0,0,0,NA,NA,NA,NA,NA,NA,NA,NA,NA,NA,"a959793"
"12566503221a4f0ba19bd6053bc64688","MITxPRO+AMxB+1T2018","video","Electron Beam Melting","b3697a95e4ad4b0c8986de9305c532da","Electron Beam Melting","e9df83ff6ad245eb83d2b6342ae2e88c","Weeks 4-5: AM Process Knowledge Base (SUPPLEMENTAL)",862,0,0,0,0,0,0,0,0,0,0,NA,NA,NA,NA,NA,NA,NA,NA,NA,NA,"a959793"
"befd748553b54479b588fd1a487376d2","MITxPRO+AMxB+1T2018","html",NA,"b3697a95e4ad4b0c8986de9305c532da","Electron Beam Melting","e9df83ff6ad245eb83d2b6342ae2e88c","Weeks 4-5: AM Process Knowledge Base (SUPPLEMENTAL)",863,0,0,0,0,0,0,0,0,0,0,NA,NA,NA,NA,NA,NA,NA,NA,NA,NA,"a959793"
"d184eb6cc23a4ab8936c916e75363796","MITxPRO+AMxB+1T2018","video","Beam Scan Patterns","b3697a95e4ad4b0c8986de9305c532da","Electron Beam Melting","e9df83ff6ad245eb83d2b6342ae2e88c","Weeks 4-5: AM Process Knowledge Base (SUPPLEMENTAL)",864,0,0,0,0,0,0,0,0,0,0,NA,NA,NA,NA,NA,NA,NA,NA,NA,NA,"a959793"
"5903be23ba854b8aa1f21152e2a6c042","MITxPRO+AMxB+1T2018","html",NA,"b3697a95e4ad4b0c8986de9305c532da","Electron Beam Melting","e9df83ff6ad245eb83d2b6342ae2e88c","Weeks 4-5: AM Process Knowledge Base (SUPPLEMENTAL)",865,0,0,0,0,0,0,0,0,0,0,NA,NA,NA,NA,NA,NA,NA,NA,NA,NA,"a959793"
"8946402cfec84b0aa9abf2968a314b27","MITxPRO+AMxB+1T2018","html",NA,"045b50dfd519409da23fb706d97fa6ad","Material Jetting","e9df83ff6ad245eb83d2b6342ae2e88c","Weeks 4-5: AM Process Knowledge Base (SUPPLEMENTAL)",868,0,0,0,0,0,0,0,0,0,0,NA,NA,NA,NA,NA,NA,NA,NA,NA,NA,"a959793"
"82e497984e324a83912ffd710e782888","MITxPRO+AMxB+1T2018","video","Fundamentals of Jetting","045b50dfd519409da23fb706d97fa6ad","Material Jetting","e9df83ff6ad245eb83d2b6342ae2e88c","Weeks 4-5: AM Process Knowledge Base (SUPPLEMENTAL)",869,0,0,0,0,0,0,0,0,0,0,NA,NA,NA,NA,NA,NA,NA,NA,NA,NA,"a959793"
"8573908c9cc34ce092611b98b3acd7cc","MITxPRO+AMxB+1T2018","html",NA,"045b50dfd519409da23fb706d97fa6ad","Material Jetting","e9df83ff6ad245eb83d2b6342ae2e88c","Weeks 4-5: AM Process Knowledge Base (SUPPLEMENTAL)",870,0,0,0,0,0,0,0,0,0,0,NA,NA,NA,NA,NA,NA,NA,NA,NA,NA,"a959793"
"5be83dfa36e0455eb6d2f6cda3cf785c","MITxPRO+AMxB+1T2018","problem","Question #1","045b50dfd519409da23fb706d97fa6ad","Material Jetting","e9df83ff6ad245eb83d2b6342ae2e88c","Weeks 4-5: AM Process Knowledge Base (SUPPLEMENTAL)",871,0,0,0,0,0,0,0,0,0,0,NA,NA,NA,NA,NA,NA,NA,NA,NA,NA,"a959793"
"10deb3af4505487d8080932c5f5decd6","MITxPRO+AMxB+1T2018","problem","Question #2","045b50dfd519409da23fb706d97fa6ad","Material Jetting","e9df83ff6ad245eb83d2b6342ae2e88c","Weeks 4-5: AM Process Knowledge Base (SUPPLEMENTAL)",872,0,0,0,0,0,0,0,0,0,0,NA,NA,NA,NA,NA,NA,NA,NA,NA,NA,"a959793"
"56154633f99c4b239ca677aa83e6f779","MITxPRO+AMxB+1T2018","problem","Question #3","045b50dfd519409da23fb706d97fa6ad","Material Jetting","e9df83ff6ad245eb83d2b6342ae2e88c","Weeks 4-5: AM Process Knowledge Base (SUPPLEMENTAL)",873,0,0,0,0,0,0,0,0,0,0,NA,NA,NA,NA,NA,NA,NA,NA,NA,NA,"a959793"
"07651fe1ae7b451d80e4442cb2e354fa","MITxPRO+AMxB+1T2018","problem","Question #4","045b50dfd519409da23fb706d97fa6ad","Material Jetting","e9df83ff6ad245eb83d2b6342ae2e88c","Weeks 4-5: AM Process Knowledge Base (SUPPLEMENTAL)",874,0,0,0,0,0,0,0,0,0,0,NA,NA,NA,NA,NA,NA,NA,NA,NA,NA,"a959793"
"90b3423d3c364d0da3e75cb1e8761be7","MITxPRO+AMxB+1T2018","problem","Question #5","045b50dfd519409da23fb706d97fa6ad","Material Jetting","e9df83ff6ad245eb83d2b6342ae2e88c","Weeks 4-5: AM Process Knowledge Base (SUPPLEMENTAL)",875,0,0,0,0,0,0,0,0,0,0,NA,NA,NA,NA,NA,NA,NA,NA,NA,NA,"a959793"
"2f080c328b2c4f8abc4b57a6ce2c5896","MITxPRO+AMxB+1T2018","html",NA,"045b50dfd519409da23fb706d97fa6ad","Material Jetting","e9df83ff6ad245eb83d2b6342ae2e88c","Weeks 4-5: AM Process Knowledge Base (SUPPLEMENTAL)",877,0,0,0,0,0,0,0,0,0,0,NA,NA,NA,NA,NA,NA,NA,NA,NA,NA,"a959793"
"cacd5806a9254245a8288ca2c82149d4","MITxPRO+AMxB+1T2018","video","Polymer Jetting Processes","045b50dfd519409da23fb706d97fa6ad","Material Jetting","e9df83ff6ad245eb83d2b6342ae2e88c","Weeks 4-5: AM Process Knowledge Base (SUPPLEMENTAL)",878,0,0,0,0,0,0,0,0,0,0,NA,NA,NA,NA,NA,NA,NA,NA,NA,NA,"a959793"
"752b8f758f9949609122b145aaf8026c","MITxPRO+AMxB+1T2018","html",NA,"045b50dfd519409da23fb706d97fa6ad","Material Jetting","e9df83ff6ad245eb83d2b6342ae2e88c","Weeks 4-5: AM Process Knowledge Base (SUPPLEMENTAL)",879,0,0,0,0,0,0,0,0,0,0,NA,NA,NA,NA,NA,NA,NA,NA,NA,NA,"a959793"
"f2e18386ea84488bbaea8b0fab66f2fb","MITxPRO+AMxB+1T2018","html",NA,"045b50dfd519409da23fb706d97fa6ad","Material Jetting","e9df83ff6ad245eb83d2b6342ae2e88c","Weeks 4-5: AM Process Knowledge Base (SUPPLEMENTAL)",880,0,0,0,0,0,0,0,0,0,0,NA,NA,NA,NA,NA,NA,NA,NA,NA,NA,"a959793"
"ec129cda712c4184863c824e1ae76dea","MITxPRO+AMxB+1T2018","html",NA,"045b50dfd519409da23fb706d97fa6ad","Material Jetting","e9df83ff6ad245eb83d2b6342ae2e88c","Weeks 4-5: AM Process Knowledge Base (SUPPLEMENTAL)",881,0,0,0,0,0,0,0,0,0,0,NA,NA,NA,NA,NA,NA,NA,NA,NA,NA,"a959793"
"f1d1cf08839f4d9abcd0fb93a8253bc4","MITxPRO+AMxB+1T2018","html",NA,"045b50dfd519409da23fb706d97fa6ad","Material Jetting","e9df83ff6ad245eb83d2b6342ae2e88c","Weeks 4-5: AM Process Knowledge Base (SUPPLEMENTAL)",883,0,0,0,0,0,0,0,0,0,0,NA,NA,NA,NA,NA,NA,NA,NA,NA,NA,"a959793"
"a0d6d2f7082b4433804bd300cdc2ccd8","MITxPRO+AMxB+1T2018","html",NA,"045b50dfd519409da23fb706d97fa6ad","Material Jetting","e9df83ff6ad245eb83d2b6342ae2e88c","Weeks 4-5: AM Process Knowledge Base (SUPPLEMENTAL)",885,0,0,0,0,0,0,0,0,0,0,NA,NA,NA,NA,NA,NA,NA,NA,NA,NA,"a959793"
"70f84a2837ba43e294ec4cef93ed382e","MITxPRO+AMxB+1T2018","html",NA,"045b50dfd519409da23fb706d97fa6ad","Material Jetting","e9df83ff6ad245eb83d2b6342ae2e88c","Weeks 4-5: AM Process Knowledge Base (SUPPLEMENTAL)",886,0,0,0,0,0,0,0,0,0,0,NA,NA,NA,NA,NA,NA,NA,NA,NA,NA,"a959793"
"7475f0990c0f4eb29465ce90105f9e69","MITxPRO+AMxB+1T2018","html",NA,"045b50dfd519409da23fb706d97fa6ad","Material Jetting","e9df83ff6ad245eb83d2b6342ae2e88c","Weeks 4-5: AM Process Knowledge Base (SUPPLEMENTAL)",888,0,0,0,0,0,0,0,0,0,0,NA,NA,NA,NA,NA,NA,NA,NA,NA,NA,"a959793"
"c53c2e3e79a7426f84607282fddb1844","MITxPRO+AMxB+1T2018","html",NA,"045b50dfd519409da23fb706d97fa6ad","Material Jetting","e9df83ff6ad245eb83d2b6342ae2e88c","Weeks 4-5: AM Process Knowledge Base (SUPPLEMENTAL)",889,0,0,0,0,0,0,0,0,0,0,NA,NA,NA,NA,NA,NA,NA,NA,NA,NA,"a959793"
"dd8fdb37f3ad414487bea545afa487d8","MITxPRO+AMxB+1T2018","video","Nanoparticle Jetting","045b50dfd519409da23fb706d97fa6ad","Material Jetting","e9df83ff6ad245eb83d2b6342ae2e88c","Weeks 4-5: AM Process Knowledge Base (SUPPLEMENTAL)",890,0,0,0,0,0,0,0,0,0,0,NA,NA,NA,NA,NA,NA,NA,NA,NA,NA,"a959793"
"696987b4520e4e7c85f0e740863d351d","MITxPRO+AMxB+1T2018","html",NA,"045b50dfd519409da23fb706d97fa6ad","Material Jetting","e9df83ff6ad245eb83d2b6342ae2e88c","Weeks 4-5: AM Process Knowledge Base (SUPPLEMENTAL)",891,0,0,0,0,0,0,0,0,0,0,NA,NA,NA,NA,NA,NA,NA,NA,NA,NA,"a959793"
"bf7f403ebd4441fd9a2f8064346fccf1","MITxPRO+AMxB+1T2018","html",NA,"045b50dfd519409da23fb706d97fa6ad","Material Jetting","e9df83ff6ad245eb83d2b6342ae2e88c","Weeks 4-5: AM Process Knowledge Base (SUPPLEMENTAL)",892,0,0,0,0,0,0,0,0,0,0,NA,NA,NA,NA,NA,NA,NA,NA,NA,NA,"a959793"
"642a573fa1d847b68e92204efae1d23e","MITxPRO+AMxB+1T2018","video","Cup Print, Vader Systems","045b50dfd519409da23fb706d97fa6ad","Material Jetting","e9df83ff6ad245eb83d2b6342ae2e88c","Weeks 4-5: AM Process Knowledge Base (SUPPLEMENTAL)",893,0,0,0,0,0,0,0,0,0,0,NA,NA,NA,NA,NA,NA,NA,NA,NA,NA,"a959793"
"f39cb1a4f1c64fb597f9dae126e75423","MITxPRO+AMxB+1T2018","html",NA,"045b50dfd519409da23fb706d97fa6ad","Material Jetting","e9df83ff6ad245eb83d2b6342ae2e88c","Weeks 4-5: AM Process Knowledge Base (SUPPLEMENTAL)",894,0,0,0,0,0,0,0,0,0,0,NA,NA,NA,NA,NA,NA,NA,NA,NA,NA,"a959793"
"19aca9d0d4a14ee797271d1d7587bdc5","MITxPRO+AMxB+1T2018","problem","Question #1","045b50dfd519409da23fb706d97fa6ad","Material Jetting","e9df83ff6ad245eb83d2b6342ae2e88c","Weeks 4-5: AM Process Knowledge Base (SUPPLEMENTAL)",895,0,0,0,0,0,0,0,0,0,0,NA,NA,NA,NA,NA,NA,NA,NA,NA,NA,"a959793"
"4e2d831a4cfd4277a447627ef1546e9c","MITxPRO+AMxB+1T2018","problem","Question #2","045b50dfd519409da23fb706d97fa6ad","Material Jetting","e9df83ff6ad245eb83d2b6342ae2e88c","Weeks 4-5: AM Process Knowledge Base (SUPPLEMENTAL)",896,0,0,0,0,0,0,0,0,0,0,NA,NA,NA,NA,NA,NA,NA,NA,NA,NA,"a959793"
"a057d1754a574e24a517ad3a5c3521dd","MITxPRO+AMxB+1T2018","problem","Question #3","045b50dfd519409da23fb706d97fa6ad","Material Jetting","e9df83ff6ad245eb83d2b6342ae2e88c","Weeks 4-5: AM Process Knowledge Base (SUPPLEMENTAL)",897,0,0,0,0,0,0,0,0,0,0,NA,NA,NA,NA,NA,NA,NA,NA,NA,NA,"a959793"
"530f8e802b434b9f80d949402ad1b53b","MITxPRO+AMxB+1T2018","html",NA,"045b50dfd519409da23fb706d97fa6ad","Material Jetting","e9df83ff6ad245eb83d2b6342ae2e88c","Weeks 4-5: AM Process Knowledge Base (SUPPLEMENTAL)",899,0,0,0,0,0,0,0,0,0,0,NA,NA,NA,NA,NA,NA,NA,NA,NA,NA,"a959793"
"36c1ef4d3d0244e8844d737b025506d9","MITxPRO+AMxB+1T2018","video","Nano Dimension: Printing PCBs","045b50dfd519409da23fb706d97fa6ad","Material Jetting","e9df83ff6ad245eb83d2b6342ae2e88c","Weeks 4-5: AM Process Knowledge Base (SUPPLEMENTAL)",900,0,0,0,0,0,0,0,0,0,0,NA,NA,NA,NA,NA,NA,NA,NA,NA,NA,"a959793"
"b420a9b148994785be8c70e4eff19257","MITxPRO+AMxB+1T2018","html",NA,"045b50dfd519409da23fb706d97fa6ad","Material Jetting","e9df83ff6ad245eb83d2b6342ae2e88c","Weeks 4-5: AM Process Knowledge Base (SUPPLEMENTAL)",901,0,0,0,0,0,0,0,0,0,0,NA,NA,NA,NA,NA,NA,NA,NA,NA,NA,"a959793"
"c0c126b664f740499c53acc71fe44eae","MITxPRO+AMxB+1T2018","html",NA,"6afa70ff24c7452787a876074bec847b","Binder Jetting","e9df83ff6ad245eb83d2b6342ae2e88c","Weeks 4-5: AM Process Knowledge Base (SUPPLEMENTAL)",904,0,0,0,0,0,0,0,0,0,0,NA,NA,NA,NA,NA,NA,NA,NA,NA,NA,"a959793"
"b95b5dc87768404ab420f58a3d444006","MITxPRO+AMxB+1T2018","video","Forming the Powder Bed","6afa70ff24c7452787a876074bec847b","Binder Jetting","e9df83ff6ad245eb83d2b6342ae2e88c","Weeks 4-5: AM Process Knowledge Base (SUPPLEMENTAL)",905,0,0,0,0,0,0,0,0,0,0,NA,NA,NA,NA,NA,NA,NA,NA,NA,NA,"a959793"
"c23f9d01f9ae471e980994efd53cc80d","MITxPRO+AMxB+1T2018","html",NA,"6afa70ff24c7452787a876074bec847b","Binder Jetting","e9df83ff6ad245eb83d2b6342ae2e88c","Weeks 4-5: AM Process Knowledge Base (SUPPLEMENTAL)",906,0,0,0,0,0,0,0,0,0,0,NA,NA,NA,NA,NA,NA,NA,NA,NA,NA,"a959793"
"5b697dc5aa9842a6a03d73390d38e764","MITxPRO+AMxB+1T2018","problem","Question #1","6afa70ff24c7452787a876074bec847b","Binder Jetting","e9df83ff6ad245eb83d2b6342ae2e88c","Weeks 4-5: AM Process Knowledge Base (SUPPLEMENTAL)",907,0,0,0,0,0,0,0,0,0,0,NA,NA,NA,NA,NA,NA,NA,NA,NA,NA,"a959793"
"bcb52ae2899c48b9bbd36462b987cf44","MITxPRO+AMxB+1T2018","problem","Question #2","6afa70ff24c7452787a876074bec847b","Binder Jetting","e9df83ff6ad245eb83d2b6342ae2e88c","Weeks 4-5: AM Process Knowledge Base (SUPPLEMENTAL)",908,0,0,0,0,0,0,0,0,0,0,NA,NA,NA,NA,NA,NA,NA,NA,NA,NA,"a959793"
"9e14b249d0d84b409aec4e224cafa2e9","MITxPRO+AMxB+1T2018","problem","Question #3","6afa70ff24c7452787a876074bec847b","Binder Jetting","e9df83ff6ad245eb83d2b6342ae2e88c","Weeks 4-5: AM Process Knowledge Base (SUPPLEMENTAL)",909,0,0,0,0,0,0,0,0,0,0,NA,NA,NA,NA,NA,NA,NA,NA,NA,NA,"a959793"
"fd55de7129e347ba9c4463f56efa7bcf","MITxPRO+AMxB+1T2018","html",NA,"6afa70ff24c7452787a876074bec847b","Binder Jetting","e9df83ff6ad245eb83d2b6342ae2e88c","Weeks 4-5: AM Process Knowledge Base (SUPPLEMENTAL)",911,0,0,0,0,0,0,0,0,0,0,NA,NA,NA,NA,NA,NA,NA,NA,NA,NA,"a959793"
"724579c914a1436fa0dc7e966aca30a9","MITxPRO+AMxB+1T2018","video","Edge and Surface Definition","6afa70ff24c7452787a876074bec847b","Binder Jetting","e9df83ff6ad245eb83d2b6342ae2e88c","Weeks 4-5: AM Process Knowledge Base (SUPPLEMENTAL)",912,0,0,0,0,0,0,0,0,0,0,NA,NA,NA,NA,NA,NA,NA,NA,NA,NA,"a959793"
"2e42079b8deb46b4a324f2a03db149cf","MITxPRO+AMxB+1T2018","html",NA,"6afa70ff24c7452787a876074bec847b","Binder Jetting","e9df83ff6ad245eb83d2b6342ae2e88c","Weeks 4-5: AM Process Knowledge Base (SUPPLEMENTAL)",913,0,0,0,0,0,0,0,0,0,0,NA,NA,NA,NA,NA,NA,NA,NA,NA,NA,"a959793"
"dad57b82eca54fd7b977b3995c90e40b","MITxPRO+AMxB+1T2018","problem","Question #1","6afa70ff24c7452787a876074bec847b","Binder Jetting","e9df83ff6ad245eb83d2b6342ae2e88c","Weeks 4-5: AM Process Knowledge Base (SUPPLEMENTAL)",914,0,0,0,0,0,0,0,0,0,0,NA,NA,NA,NA,NA,NA,NA,NA,NA,NA,"a959793"
"48fcaa53ca4444b59b40c36e7eac7e3d","MITxPRO+AMxB+1T2018","problem","Question #2","6afa70ff24c7452787a876074bec847b","Binder Jetting","e9df83ff6ad245eb83d2b6342ae2e88c","Weeks 4-5: AM Process Knowledge Base (SUPPLEMENTAL)",915,0,0,0,0,0,0,0,0,0,0,NA,NA,NA,NA,NA,NA,NA,NA,NA,NA,"a959793"
"f620765a820c4c29af57f40a85058bf4","MITxPRO+AMxB+1T2018","problem","Question #3","6afa70ff24c7452787a876074bec847b","Binder Jetting","e9df83ff6ad245eb83d2b6342ae2e88c","Weeks 4-5: AM Process Knowledge Base (SUPPLEMENTAL)",916,0,0,0,0,0,0,0,0,0,0,NA,NA,NA,NA,NA,NA,NA,NA,NA,NA,"a959793"
"84328e99640749658be2a3b14ca9c720","MITxPRO+AMxB+1T2018","html",NA,"6afa70ff24c7452787a876074bec847b","Binder Jetting","e9df83ff6ad245eb83d2b6342ae2e88c","Weeks 4-5: AM Process Knowledge Base (SUPPLEMENTAL)",918,0,0,0,0,0,0,0,0,0,0,NA,NA,NA,NA,NA,NA,NA,NA,NA,NA,"a959793"
"ce5fe156d01c41e19ff8fc66e5f7a72e","MITxPRO+AMxB+1T2018","video","Steps After Printing","6afa70ff24c7452787a876074bec847b","Binder Jetting","e9df83ff6ad245eb83d2b6342ae2e88c","Weeks 4-5: AM Process Knowledge Base (SUPPLEMENTAL)",919,0,0,0,0,0,0,0,0,0,0,NA,NA,NA,NA,NA,NA,NA,NA,NA,NA,"a959793"
"0e1f570e96524c498e371f28eb466f68","MITxPRO+AMxB+1T2018","html",NA,"6afa70ff24c7452787a876074bec847b","Binder Jetting","e9df83ff6ad245eb83d2b6342ae2e88c","Weeks 4-5: AM Process Knowledge Base (SUPPLEMENTAL)",920,0,0,0,0,0,0,0,0,0,0,NA,NA,NA,NA,NA,NA,NA,NA,NA,NA,"a959793"
"4118b055966149a39a75274732e1cc8a","MITxPRO+AMxB+1T2018","html",NA,"6afa70ff24c7452787a876074bec847b","Binder Jetting","e9df83ff6ad245eb83d2b6342ae2e88c","Weeks 4-5: AM Process Knowledge Base (SUPPLEMENTAL)",921,0,0,0,0,0,0,0,0,0,0,NA,NA,NA,NA,NA,NA,NA,NA,NA,NA,"a959793"
"0913da88a4504d5997de9eea3701423b","MITxPRO+AMxB+1T2018","problem","Question #1","6afa70ff24c7452787a876074bec847b","Binder Jetting","e9df83ff6ad245eb83d2b6342ae2e88c","Weeks 4-5: AM Process Knowledge Base (SUPPLEMENTAL)",922,0,0,0,0,0,0,0,0,0,0,NA,NA,NA,NA,NA,NA,NA,NA,NA,NA,"a959793"
"752880a4b6da4613aff927b22fee1be4","MITxPRO+AMxB+1T2018","problem","Question #2","6afa70ff24c7452787a876074bec847b","Binder Jetting","e9df83ff6ad245eb83d2b6342ae2e88c","Weeks 4-5: AM Process Knowledge Base (SUPPLEMENTAL)",923,0,0,0,0,0,0,0,0,0,0,NA,NA,NA,NA,NA,NA,NA,NA,NA,NA,"a959793"
"f47d88f7197e45f2bd7488fd1e823fbb","MITxPRO+AMxB+1T2018","problem","Question #3","6afa70ff24c7452787a876074bec847b","Binder Jetting","e9df83ff6ad245eb83d2b6342ae2e88c","Weeks 4-5: AM Process Knowledge Base (SUPPLEMENTAL)",924,0,0,0,0,0,0,0,0,0,0,NA,NA,NA,NA,NA,NA,NA,NA,NA,NA,"a959793"
"d3c052893bbd4d22b0667ff609a93d46","MITxPRO+AMxB+1T2018","html",NA,"6afa70ff24c7452787a876074bec847b","Binder Jetting","e9df83ff6ad245eb83d2b6342ae2e88c","Weeks 4-5: AM Process Knowledge Base (SUPPLEMENTAL)",926,0,0,0,0,0,0,0,0,0,0,NA,NA,NA,NA,NA,NA,NA,NA,NA,NA,"a959793"
"52e67051bad64f708e309aa17087e84f","MITxPRO+AMxB+1T2018","html",NA,"6afa70ff24c7452787a876074bec847b","Binder Jetting","e9df83ff6ad245eb83d2b6342ae2e88c","Weeks 4-5: AM Process Knowledge Base (SUPPLEMENTAL)",927,0,0,0,0,0,0,0,0,0,0,NA,NA,NA,NA,NA,NA,NA,NA,NA,NA,"a959793"
"d77d619ea3504014b454c5e1b3960386","MITxPRO+AMxB+1T2018","html",NA,"6afa70ff24c7452787a876074bec847b","Binder Jetting","e9df83ff6ad245eb83d2b6342ae2e88c","Weeks 4-5: AM Process Knowledge Base (SUPPLEMENTAL)",929,0,0,0,0,0,0,0,0,0,0,NA,NA,NA,NA,NA,NA,NA,NA,NA,NA,"a959793"
"b430963fb31147f3aaf728ab46c45027","MITxPRO+AMxB+1T2018","html",NA,"6afa70ff24c7452787a876074bec847b","Binder Jetting","e9df83ff6ad245eb83d2b6342ae2e88c","Weeks 4-5: AM Process Knowledge Base (SUPPLEMENTAL)",930,0,0,0,0,0,0,0,0,0,0,NA,NA,NA,NA,NA,NA,NA,NA,NA,NA,"a959793"
"7732ffd94ba845c7bfa6b164ca2aafad","MITxPRO+AMxB+1T2018","html",NA,"6afa70ff24c7452787a876074bec847b","Binder Jetting","e9df83ff6ad245eb83d2b6342ae2e88c","Weeks 4-5: AM Process Knowledge Base (SUPPLEMENTAL)",931,0,0,0,0,0,0,0,0,0,0,NA,NA,NA,NA,NA,NA,NA,NA,NA,NA,"a959793"
"eac871e8f62149fbb630c0a65755cf8d","MITxPRO+AMxB+1T2018","html",NA,"6afa70ff24c7452787a876074bec847b","Binder Jetting","e9df83ff6ad245eb83d2b6342ae2e88c","Weeks 4-5: AM Process Knowledge Base (SUPPLEMENTAL)",932,0,0,0,0,0,0,0,0,0,0,NA,NA,NA,NA,NA,NA,NA,NA,NA,NA,"a959793"
"c6febb8164444dbd9f26a9614c035387","MITxPRO+AMxB+1T2018","html",NA,"6afa70ff24c7452787a876074bec847b","Binder Jetting","e9df83ff6ad245eb83d2b6342ae2e88c","Weeks 4-5: AM Process Knowledge Base (SUPPLEMENTAL)",933,0,0,0,0,0,0,0,0,0,0,NA,NA,NA,NA,NA,NA,NA,NA,NA,NA,"a959793"
"f6d13b3698b348978c8bde56acbc3562","MITxPRO+AMxB+1T2018","html",NA,"6afa70ff24c7452787a876074bec847b","Binder Jetting","e9df83ff6ad245eb83d2b6342ae2e88c","Weeks 4-5: AM Process Knowledge Base (SUPPLEMENTAL)",935,0,0,0,0,0,0,0,0,0,0,NA,NA,NA,NA,NA,NA,NA,NA,NA,NA,"a959793"
"70917ff5f205451bbe00c34f8ef51959","MITxPRO+AMxB+1T2018","html",NA,"6afa70ff24c7452787a876074bec847b","Binder Jetting","e9df83ff6ad245eb83d2b6342ae2e88c","Weeks 4-5: AM Process Knowledge Base (SUPPLEMENTAL)",936,0,0,0,0,0,0,0,0,0,0,NA,NA,NA,NA,NA,NA,NA,NA,NA,NA,"a959793"
"f300d911c7c34c43b93ae46533bb19e3","MITxPRO+AMxB+1T2018","html",NA,"6afa70ff24c7452787a876074bec847b","Binder Jetting","e9df83ff6ad245eb83d2b6342ae2e88c","Weeks 4-5: AM Process Knowledge Base (SUPPLEMENTAL)",937,0,0,0,0,0,0,0,0,0,0,NA,NA,NA,NA,NA,NA,NA,NA,NA,NA,"a959793"
"18e3b60d5cd7489685d7d9b6e28496ac","MITxPRO+AMxB+1T2018","html",NA,"6afa70ff24c7452787a876074bec847b","Binder Jetting","e9df83ff6ad245eb83d2b6342ae2e88c","Weeks 4-5: AM Process Knowledge Base (SUPPLEMENTAL)",939,0,0,0,0,0,0,0,0,0,0,NA,NA,NA,NA,NA,NA,NA,NA,NA,NA,"a959793"
"64854ea1eb6b4a59825255ce7ad2cb30","MITxPRO+AMxB+1T2018","html",NA,"6afa70ff24c7452787a876074bec847b","Binder Jetting","e9df83ff6ad245eb83d2b6342ae2e88c","Weeks 4-5: AM Process Knowledge Base (SUPPLEMENTAL)",940,0,0,0,0,0,0,0,0,0,0,NA,NA,NA,NA,NA,NA,NA,NA,NA,NA,"a959793"
"a07594cb4b114730a915e3580c254f92","MITxPRO+AMxB+1T2018","html",NA,"6afa70ff24c7452787a876074bec847b","Binder Jetting","e9df83ff6ad245eb83d2b6342ae2e88c","Weeks 4-5: AM Process Knowledge Base (SUPPLEMENTAL)",941,0,0,0,0,0,0,0,0,0,0,NA,NA,NA,NA,NA,NA,NA,NA,NA,NA,"a959793"
"67e86772bcd94ed3bc8edbe9f1cd7467","MITxPRO+AMxB+1T2018","html",NA,"6afa70ff24c7452787a876074bec847b","Binder Jetting","e9df83ff6ad245eb83d2b6342ae2e88c","Weeks 4-5: AM Process Knowledge Base (SUPPLEMENTAL)",942,0,0,0,0,0,0,0,0,0,0,NA,NA,NA,NA,NA,NA,NA,NA,NA,NA,"a959793"
"f4000110adbf412384c7d6b535774017","MITxPRO+AMxB+1T2018","video","Viridis3D: Robotic Binder Jetting","6afa70ff24c7452787a876074bec847b","Binder Jetting","e9df83ff6ad245eb83d2b6342ae2e88c","Weeks 4-5: AM Process Knowledge Base (SUPPLEMENTAL)",943,0,0,0,0,0,0,0,0,0,0,NA,NA,NA,NA,NA,NA,NA,NA,NA,NA,"a959793"
"dea15bc9bbfb4889a0bcd5abe7b21d33","MITxPRO+AMxB+1T2018","html",NA,"6afa70ff24c7452787a876074bec847b","Binder Jetting","e9df83ff6ad245eb83d2b6342ae2e88c","Weeks 4-5: AM Process Knowledge Base (SUPPLEMENTAL)",944,0,0,0,0,0,0,0,0,0,0,NA,NA,NA,NA,NA,NA,NA,NA,NA,NA,"a959793"
"abe4cc1d66054dddbf408d5043f2921b","MITxPRO+AMxB+1T2018","html",NA,"2e3bb1fd78d94508af19c678bbbd7f94","Welcome to Week 6 (10 min)","56a7527a4b7046be8fb4d1af039e7f67","Week 6: Assessing the Cost and Value of Additive Manufacturing (4-5 hrs)",956,0,0,0,0,0,0,0,0,0,0,NA,NA,NA,NA,NA,NA,NA,NA,NA,NA,"a959793"
"6342707e62ff45b2a187ed067cb646a3","MITxPRO+AMxB+1T2018","video","Cost and Value Analysis: Introduction ","2e3bb1fd78d94508af19c678bbbd7f94","Welcome to Week 6 (10 min)","56a7527a4b7046be8fb4d1af039e7f67","Week 6: Assessing the Cost and Value of Additive Manufacturing (4-5 hrs)",957,0,0,0,0,0,0,0,0,0,0,NA,NA,NA,NA,NA,NA,NA,NA,NA,NA,"a959793"
"fee22a2f9dfa4fc5abd8a82aa14880ab","MITxPRO+AMxB+1T2018","html",NA,"55e7e7cd1690492cb3e0d22ed272f3b9","Cost Model of Conventional Manufacturing (20 min)","56a7527a4b7046be8fb4d1af039e7f67","Week 6: Assessing the Cost and Value of Additive Manufacturing (4-5 hrs)",960,0,0,0,0,0,0,0,0,0,0,NA,NA,NA,NA,NA,NA,NA,NA,NA,NA,"a959793"
"732015d5737b41688cdcc6fb6fffae7c","MITxPRO+AMxB+1T2018","video","Modeling the Cost of Injection Molding","55e7e7cd1690492cb3e0d22ed272f3b9","Cost Model of Conventional Manufacturing (20 min)","56a7527a4b7046be8fb4d1af039e7f67","Week 6: Assessing the Cost and Value of Additive Manufacturing (4-5 hrs)",961,0,0,0,0,0,0,0,0,0,0,NA,NA,NA,NA,NA,NA,NA,NA,NA,NA,"a959793"
"72a0f3d8edc54e4696b1790f3e5f0836","MITxPRO+AMxB+1T2018","html",NA,"55e7e7cd1690492cb3e0d22ed272f3b9","Cost Model of Conventional Manufacturing (20 min)","56a7527a4b7046be8fb4d1af039e7f67","Week 6: Assessing the Cost and Value of Additive Manufacturing (4-5 hrs)",962,0,0,0,0,0,0,0,0,0,0,NA,NA,NA,NA,NA,NA,NA,NA,NA,NA,"a959793"
"578c2b6ddddd4e34af9d122be164f33c","MITxPRO+AMxB+1T2018","html",NA,"b586f4a3d0764bc581df83afe6d3d7df","Framing the Cost of AM (20 min)","56a7527a4b7046be8fb4d1af039e7f67","Week 6: Assessing the Cost and Value of Additive Manufacturing (4-5 hrs)",965,1,1,1,3,2.48333333333333,1,2,1,2,2,NA,NA,NA,NA,NA,NA,NA,NA,NA,NA,"a959793"
"eb4aca32cc664e2ab3c8ff92ac0bf578","MITxPRO+AMxB+1T2018","video","Framing the Cost of AM","b586f4a3d0764bc581df83afe6d3d7df","Framing the Cost of AM (20 min)","56a7527a4b7046be8fb4d1af039e7f67","Week 6: Assessing the Cost and Value of Additive Manufacturing (4-5 hrs)",966,0,0,0,0,0,0,0,0,0,0,NA,NA,NA,NA,NA,NA,NA,NA,NA,NA,"a959793"
"4976c21077344f5d821ce0753143fcfd","MITxPRO+AMxB+1T2018","html",NA,"b586f4a3d0764bc581df83afe6d3d7df","Framing the Cost of AM (20 min)","56a7527a4b7046be8fb4d1af039e7f67","Week 6: Assessing the Cost and Value of Additive Manufacturing (4-5 hrs)",967,0,0,0,0,0,0,0,0,0,0,NA,NA,NA,NA,NA,NA,NA,NA,NA,NA,"a959793"
"c0042f7d6c474938a3c148bd7327f564","MITxPRO+AMxB+1T2018","problem","Question 1","b586f4a3d0764bc581df83afe6d3d7df","Framing the Cost of AM (20 min)","56a7527a4b7046be8fb4d1af039e7f67","Week 6: Assessing the Cost and Value of Additive Manufacturing (4-5 hrs)",968,0,0,0,0,0,0,0,0,0,0,NA,NA,NA,NA,NA,NA,NA,NA,NA,NA,"a959793"
"30872b6a5bee4e2f86d6f964a0e5d3f0","MITxPRO+AMxB+1T2018","problem","Question 2","b586f4a3d0764bc581df83afe6d3d7df","Framing the Cost of AM (20 min)","56a7527a4b7046be8fb4d1af039e7f67","Week 6: Assessing the Cost and Value of Additive Manufacturing (4-5 hrs)",969,1,1,1,3,1.18333333333334,1,2,1,2,2,1,1,NA,NA,NA,NA,NA,NA,NA,NA,"a959793"
"d1676d2cecee4010a1bfe838e2e963e0","MITxPRO+AMxB+1T2018","html",NA,"83c5300e3f844182a73bdd3368ade177","MIT Cost Model of AM (1 hr 30 min)","56a7527a4b7046be8fb4d1af039e7f67","Week 6: Assessing the Cost and Value of Additive Manufacturing (4-5 hrs)",972,1,2,2,2,3.52317032601464,1,1,1,0,0,NA,NA,NA,NA,NA,NA,NA,NA,NA,NA,"a959793"
"284121c6292646548b8d11d26466f6b1","MITxPRO+AMxB+1T2018","video","Under the Hood of the MIT Cost Model","83c5300e3f844182a73bdd3368ade177","MIT Cost Model of AM (1 hr 30 min)","56a7527a4b7046be8fb4d1af039e7f67","Week 6: Assessing the Cost and Value of Additive Manufacturing (4-5 hrs)",973,0,0,0,0,0,0,0,0,0,0,NA,NA,NA,NA,NA,NA,NA,NA,NA,NA,"a959793"
"ee7ce809211f46afb301095c84d929b4","MITxPRO+AMxB+1T2018","html",NA,"83c5300e3f844182a73bdd3368ade177","MIT Cost Model of AM (1 hr 30 min)","56a7527a4b7046be8fb4d1af039e7f67","Week 6: Assessing the Cost and Value of Additive Manufacturing (4-5 hrs)",974,0,0,0,0,0,0,0,0,0,0,NA,NA,NA,NA,NA,NA,NA,NA,NA,NA,"a959793"
"df2d2a812d1c48c1a5df73929df11cae","MITxPRO+AMxB+1T2018","html",NA,"83c5300e3f844182a73bdd3368ade177","MIT Cost Model of AM (1 hr 30 min)","56a7527a4b7046be8fb4d1af039e7f67","Week 6: Assessing the Cost and Value of Additive Manufacturing (4-5 hrs)",976,1,1,1,1,0.133333333333333,1,0,1,0,0,NA,NA,NA,NA,NA,NA,NA,NA,NA,NA,"a959793"
"304929f50dfd453d9491eafee1e5d72a","MITxPRO+AMxB+1T2018","html",NA,"83c5300e3f844182a73bdd3368ade177","MIT Cost Model of AM (1 hr 30 min)","56a7527a4b7046be8fb4d1af039e7f67","Week 6: Assessing the Cost and Value of Additive Manufacturing (4-5 hrs)",977,0,0,0,0,0,0,0,0,0,0,NA,NA,NA,NA,NA,NA,NA,NA,NA,NA,"a959793"
"104ab9aff6ea49c0979a84363490fa7c","MITxPRO+AMxB+1T2018","html",NA,"83c5300e3f844182a73bdd3368ade177","MIT Cost Model of AM (1 hr 30 min)","56a7527a4b7046be8fb4d1af039e7f67","Week 6: Assessing the Cost and Value of Additive Manufacturing (4-5 hrs)",978,0,0,0,0,0,0,0,0,0,0,NA,NA,NA,NA,NA,NA,NA,NA,NA,NA,"a959793"
"d6ee604711fa4b1cbf8dee302a14ce5c","MITxPRO+AMxB+1T2018","html",NA,"83c5300e3f844182a73bdd3368ade177","MIT Cost Model of AM (1 hr 30 min)","56a7527a4b7046be8fb4d1af039e7f67","Week 6: Assessing the Cost and Value of Additive Manufacturing (4-5 hrs)",979,0,0,0,0,0,0,0,0,0,0,NA,NA,NA,NA,NA,NA,NA,NA,NA,NA,"a959793"
"915635f353604d5b93702e095abc84c5","MITxPRO+AMxB+1T2018","html",NA,"83c5300e3f844182a73bdd3368ade177","MIT Cost Model of AM (1 hr 30 min)","56a7527a4b7046be8fb4d1af039e7f67","Week 6: Assessing the Cost and Value of Additive Manufacturing (4-5 hrs)",981,1,2,2,2,1.03333333333333,1,1,0,2,1,NA,NA,NA,NA,NA,NA,NA,NA,NA,NA,"a959793"
"ff73702131d54ec09850f59896e5bb5b","MITxPRO+AMxB+1T2018","html",NA,"83c5300e3f844182a73bdd3368ade177","MIT Cost Model of AM (1 hr 30 min)","56a7527a4b7046be8fb4d1af039e7f67","Week 6: Assessing the Cost and Value of Additive Manufacturing (4-5 hrs)",982,0,0,0,0,0,0,0,0,0,0,NA,NA,NA,NA,NA,NA,NA,NA,NA,NA,"a959793"
"4003daa3870a412991535f06b519393b","MITxPRO+AMxB+1T2018","problem","Question 1","83c5300e3f844182a73bdd3368ade177","MIT Cost Model of AM (1 hr 30 min)","56a7527a4b7046be8fb4d1af039e7f67","Week 6: Assessing the Cost and Value of Additive Manufacturing (4-5 hrs)",983,0,0,0,0,0,0,0,0,0,0,NA,NA,NA,NA,NA,NA,NA,NA,NA,NA,"a959793"
"c1122deeb2054701b18e043764535747","MITxPRO+AMxB+1T2018","problem","Question 2","83c5300e3f844182a73bdd3368ade177","MIT Cost Model of AM (1 hr 30 min)","56a7527a4b7046be8fb4d1af039e7f67","Week 6: Assessing the Cost and Value of Additive Manufacturing (4-5 hrs)",984,0,0,0,0,0,0,0,0,0,0,NA,NA,NA,NA,NA,NA,NA,NA,NA,NA,"a959793"
"e0fe5e4d05384ba7b7c8edc2af1dea3d","MITxPRO+AMxB+1T2018","problem","Question 3","83c5300e3f844182a73bdd3368ade177","MIT Cost Model of AM (1 hr 30 min)","56a7527a4b7046be8fb4d1af039e7f67","Week 6: Assessing the Cost and Value of Additive Manufacturing (4-5 hrs)",985,0,0,0,0,0,0,0,0,0,0,NA,NA,NA,NA,NA,NA,NA,NA,NA,NA,"a959793"
"0d05ee4b348f479293d6143d99f9cf17","MITxPRO+AMxB+1T2018","problem","Question 4","83c5300e3f844182a73bdd3368ade177","MIT Cost Model of AM (1 hr 30 min)","56a7527a4b7046be8fb4d1af039e7f67","Week 6: Assessing the Cost and Value of Additive Manufacturing (4-5 hrs)",986,0,0,0,0,0,0,0,0,0,0,NA,NA,NA,NA,NA,NA,NA,NA,NA,NA,"a959793"
"dd2e225706cb4e44a7fef817b25fc695","MITxPRO+AMxB+1T2018","problem","Question 5","83c5300e3f844182a73bdd3368ade177","MIT Cost Model of AM (1 hr 30 min)","56a7527a4b7046be8fb4d1af039e7f67","Week 6: Assessing the Cost and Value of Additive Manufacturing (4-5 hrs)",987,0,0,0,0,0,0,0,0,0,0,NA,NA,NA,NA,NA,NA,NA,NA,NA,NA,"a959793"
"2aed08cdf76c457d88c9e15470bd6585","MITxPRO+AMxB+1T2018","html",NA,"07fb668505ca4982b1940455f7a81c46","Translating Cost to Value (40 min)","56a7527a4b7046be8fb4d1af039e7f67","Week 6: Assessing the Cost and Value of Additive Manufacturing (4-5 hrs)",990,0,0,0,0,0,0,0,0,0,0,NA,NA,NA,NA,NA,NA,NA,NA,NA,NA,"a959793"
"b33b5d7fb4c34f4a99ab89958231e6da","MITxPRO+AMxB+1T2018","html",NA,"07fb668505ca4982b1940455f7a81c46","Translating Cost to Value (40 min)","56a7527a4b7046be8fb4d1af039e7f67","Week 6: Assessing the Cost and Value of Additive Manufacturing (4-5 hrs)",992,0,0,0,0,0,0,0,0,0,0,NA,NA,NA,NA,NA,NA,NA,NA,NA,NA,"a959793"
"ad4973be70874ac29ab940d3daf0b901","MITxPRO+AMxB+1T2018","video","Framing the Value of AM","07fb668505ca4982b1940455f7a81c46","Translating Cost to Value (40 min)","56a7527a4b7046be8fb4d1af039e7f67","Week 6: Assessing the Cost and Value of Additive Manufacturing (4-5 hrs)",993,0,0,0,0,0,0,0,0,0,0,NA,NA,NA,NA,NA,NA,NA,NA,NA,NA,"a959793"
"c0f6f8693dbd46ba96c1bc9976c1de72","MITxPRO+AMxB+1T2018","html",NA,"07fb668505ca4982b1940455f7a81c46","Translating Cost to Value (40 min)","56a7527a4b7046be8fb4d1af039e7f67","Week 6: Assessing the Cost and Value of Additive Manufacturing (4-5 hrs)",994,0,0,0,0,0,0,0,0,0,0,NA,NA,NA,NA,NA,NA,NA,NA,NA,NA,"a959793"
"25ccb56ad1774291928821d83ae7fa42","MITxPRO+AMxB+1T2018","discussion","Discussion","07fb668505ca4982b1940455f7a81c46","Translating Cost to Value (40 min)","56a7527a4b7046be8fb4d1af039e7f67","Week 6: Assessing the Cost and Value of Additive Manufacturing (4-5 hrs)",995,0,0,0,0,0,0,0,0,0,0,NA,NA,NA,NA,NA,NA,NA,NA,NA,NA,"a959793"
"30d4df2662fd487f82332252c61625f0","MITxPRO+AMxB+1T2018","html",NA,"9c5f0888c643421c860f31f35b9111ee","Cost and Value Scenarios (60 min)","56a7527a4b7046be8fb4d1af039e7f67","Week 6: Assessing the Cost and Value of Additive Manufacturing (4-5 hrs)",998,0,0,0,0,0,0,0,0,0,0,NA,NA,NA,NA,NA,NA,NA,NA,NA,NA,"a959793"
"5d25f47bb9c74cf8a309f72faacee512","MITxPRO+AMxB+1T2018","html",NA,"9c5f0888c643421c860f31f35b9111ee","Cost and Value Scenarios (60 min)","56a7527a4b7046be8fb4d1af039e7f67","Week 6: Assessing the Cost and Value of Additive Manufacturing (4-5 hrs)",1000,0,0,0,0,0,0,0,0,0,0,NA,NA,NA,NA,NA,NA,NA,NA,NA,NA,"a959793"
"770aa6c9505b452ea81c6678cce7c399","MITxPRO+AMxB+1T2018","html","Text","9c5f0888c643421c860f31f35b9111ee","Cost and Value Scenarios (60 min)","56a7527a4b7046be8fb4d1af039e7f67","Week 6: Assessing the Cost and Value of Additive Manufacturing (4-5 hrs)",1002,0,0,0,0,0,0,0,0,0,0,NA,NA,NA,NA,NA,NA,NA,NA,NA,NA,"a959793"
"532b0d7d15354e319d58e8cf25fedeeb","MITxPRO+AMxB+1T2018","html","Text","9c5f0888c643421c860f31f35b9111ee","Cost and Value Scenarios (60 min)","56a7527a4b7046be8fb4d1af039e7f67","Week 6: Assessing the Cost and Value of Additive Manufacturing (4-5 hrs)",1004,0,0,0,0,0,0,0,0,0,0,NA,NA,NA,NA,NA,NA,NA,NA,NA,NA,"a959793"
"a34a3bda017e4e77a3acc638059aedc2","MITxPRO+AMxB+1T2018","html","Text","9c5f0888c643421c860f31f35b9111ee","Cost and Value Scenarios (60 min)","56a7527a4b7046be8fb4d1af039e7f67","Week 6: Assessing the Cost and Value of Additive Manufacturing (4-5 hrs)",1006,0,0,0,0,0,0,0,0,0,0,NA,NA,NA,NA,NA,NA,NA,NA,NA,NA,"a959793"
"d42aec80f3c1448680ab4dc52e06d244","MITxPRO+AMxB+1T2018","html",NA,"2ac46bb6b5504f36bcd52511ea953fd5","Full-System Value Capture (20 min)","56a7527a4b7046be8fb4d1af039e7f67","Week 6: Assessing the Cost and Value of Additive Manufacturing (4-5 hrs)",1009,0,0,0,0,0,0,0,0,0,0,NA,NA,NA,NA,NA,NA,NA,NA,NA,NA,"a959793"
"ab7506a0f34f4a4fb4dd4b40dbb25465","MITxPRO+AMxB+1T2018","video","AM for Supply Chain Transformation","2ac46bb6b5504f36bcd52511ea953fd5","Full-System Value Capture (20 min)","56a7527a4b7046be8fb4d1af039e7f67","Week 6: Assessing the Cost and Value of Additive Manufacturing (4-5 hrs)",1010,0,0,0,0,0,0,0,0,0,0,NA,NA,NA,NA,NA,NA,NA,NA,NA,NA,"a959793"
"5ae7b68dc9744a5884c22160bc8c133c","MITxPRO+AMxB+1T2018","video","Capturing Full System Economics with AM","2ac46bb6b5504f36bcd52511ea953fd5","Full-System Value Capture (20 min)","56a7527a4b7046be8fb4d1af039e7f67","Week 6: Assessing the Cost and Value of Additive Manufacturing (4-5 hrs)",1011,0,0,0,0,0,0,0,0,0,0,NA,NA,NA,NA,NA,NA,NA,NA,NA,NA,"a959793"
"1c264c5f7377466b9165af2037ec7924","MITxPRO+AMxB+1T2018","html","Raw HTML","49cdd07f841149c3beda9f7cce9eed1d","Graded Assignment (1 hr 30 min)","56a7527a4b7046be8fb4d1af039e7f67","Week 6: Assessing the Cost and Value of Additive Manufacturing (4-5 hrs)",1014,0,0,0,0,0,0,0,0,0,0,NA,NA,NA,NA,NA,NA,NA,NA,NA,NA,"a959793"
"66062755e4fd44e988f9260830023061","MITxPRO+AMxB+1T2018","html","Raw HTML","49cdd07f841149c3beda9f7cce9eed1d","Graded Assignment (1 hr 30 min)","56a7527a4b7046be8fb4d1af039e7f67","Week 6: Assessing the Cost and Value of Additive Manufacturing (4-5 hrs)",1015,0,0,0,0,0,0,0,0,0,0,NA,NA,NA,NA,NA,NA,NA,NA,NA,NA,"a959793"
"a122be78c0d543548d7ba0efee3b9203","MITxPRO+AMxB+1T2018","openassessment","Open Response Assessment","49cdd07f841149c3beda9f7cce9eed1d","Graded Assignment (1 hr 30 min)","56a7527a4b7046be8fb4d1af039e7f67","Week 6: Assessing the Cost and Value of Additive Manufacturing (4-5 hrs)",1016,0,0,0,0,0,0,0,0,0,0,NA,NA,NA,NA,NA,NA,NA,NA,NA,NA,"a959793"
"0e9814b3e2a94eddae75b154afe501f3","MITxPRO+AMxB+1T2018","html",NA,"0756f2d092434ad9a7ec98e09008538e","Instructions","2a8819e31c5943a8bcca38c8cff845c6","Week 7 & 8 - Case Studies Instructions",1020,0,0,0,0,0,0,0,0,0,0,NA,NA,NA,NA,NA,NA,NA,NA,NA,NA,"a959793"
"66e3bd0917b64e4e96809be332b6d1a2","MITxPRO+AMxB+1T2018","html",NA,"1c1f5c5b0cb6481fad96cbc7b0cfb848","Graded Assignment (5 hrs)","25de62e5ee5f4846aee05aade41ec938","Week 7: Strategy and Operations Case Study – Part I (5 hrs)",1024,0,0,0,0,0,0,0,0,0,0,NA,NA,NA,NA,NA,NA,NA,NA,NA,NA,"a959793"
"894b7805c53e43eeb36ea338bf21fccd","MITxPRO+AMxB+1T2018","html",NA,"1c1f5c5b0cb6481fad96cbc7b0cfb848","Graded Assignment (5 hrs)","25de62e5ee5f4846aee05aade41ec938","Week 7: Strategy and Operations Case Study – Part I (5 hrs)",1025,0,0,0,0,0,0,0,0,0,0,NA,NA,NA,NA,NA,NA,NA,NA,NA,NA,"a959793"
"504d2512a7124c439fd2861dbf720058","MITxPRO+AMxB+1T2018","openassessment","Open Response Assessment","1c1f5c5b0cb6481fad96cbc7b0cfb848","Graded Assignment (5 hrs)","25de62e5ee5f4846aee05aade41ec938","Week 7: Strategy and Operations Case Study – Part I (5 hrs)",1026,0,0,0,0,0,0,0,0,0,0,NA,NA,NA,NA,NA,NA,NA,NA,NA,NA,"a959793"
"744dad1a12a449ebbfc22c507e1e0e1f","MITxPRO+AMxB+1T2018","html","Text","eeb5ffa0a91b4f58be366774da5a045c","Graded Assignment (5 hrs)","a92e71cdbb624d259ccceac68d638bd5","Weeks 7: Design Case Study Option I, Generative Design of a Bracket – Part I (5 hrs)",1030,0,0,0,0,0,0,0,0,0,0,NA,NA,NA,NA,NA,NA,NA,NA,NA,NA,"a959793"
"c31fb3fb9d2345daa85acc888c3a7722","MITxPRO+AMxB+1T2018","html","Text","eeb5ffa0a91b4f58be366774da5a045c","Graded Assignment (5 hrs)","a92e71cdbb624d259ccceac68d638bd5","Weeks 7: Design Case Study Option I, Generative Design of a Bracket – Part I (5 hrs)",1031,0,0,0,0,0,0,0,0,0,0,NA,NA,NA,NA,NA,NA,NA,NA,NA,NA,"a959793"
"c3a17ced051f48f9aecf9ed2dba5040e","MITxPRO+AMxB+1T2018","openassessment","Open Response Assessment","eeb5ffa0a91b4f58be366774da5a045c","Graded Assignment (5 hrs)","a92e71cdbb624d259ccceac68d638bd5","Weeks 7: Design Case Study Option I, Generative Design of a Bracket – Part I (5 hrs)",1032,0,0,0,0,0,0,0,0,0,0,NA,NA,NA,NA,NA,NA,NA,NA,NA,NA,"a959793"
"fd91554a3bf54ebdbf6ea67124fbd06c","MITxPRO+AMxB+1T2018","html","Text","3d92cdce9d3b407cb75f98e8df1d2bfa","Graded Assignment (5 hrs)","d0a060003b3c4b158afe8ad99f7ee432","Week 7: Design Case Study Option II, Part Consolidation of a Duct – Part I (CAD Required) (5 hrs)",1036,0,0,0,0,0,0,0,0,0,0,NA,NA,NA,NA,NA,NA,NA,NA,NA,NA,"a959793"
"805062b8b4664ff098462ad506b43de9","MITxPRO+AMxB+1T2018","html","Text","3d92cdce9d3b407cb75f98e8df1d2bfa","Graded Assignment (5 hrs)","d0a060003b3c4b158afe8ad99f7ee432","Week 7: Design Case Study Option II, Part Consolidation of a Duct – Part I (CAD Required) (5 hrs)",1037,0,0,0,0,0,0,0,0,0,0,NA,NA,NA,NA,NA,NA,NA,NA,NA,NA,"a959793"
"7713838e40dc441cb6c177b4812abb79","MITxPRO+AMxB+1T2018","openassessment","Open Response Assessment","3d92cdce9d3b407cb75f98e8df1d2bfa","Graded Assignment (5 hrs)","d0a060003b3c4b158afe8ad99f7ee432","Week 7: Design Case Study Option II, Part Consolidation of a Duct – Part I (CAD Required) (5 hrs)",1038,0,0,0,0,0,0,0,0,0,0,NA,NA,NA,NA,NA,NA,NA,NA,NA,NA,"a959793"
"b87d7692f55a4b3fb61ec362d003f121","MITxPRO+AMxB+1T2018","html",NA,"72a75a1395ed4a6e8f7eb739f3873aaf","Graded Assignment (5 hrs)","e0f120753d474a3b991e6bb843de92ce","Week 8: Strategy and Operations Case Study – Part II (5 hrs)",1042,0,0,0,0,0,0,0,0,0,0,NA,NA,NA,NA,NA,NA,NA,NA,NA,NA,"a959793"
"fcdcf1b84b5142cf842ab7f38837e052","MITxPRO+AMxB+1T2018","html",NA,"72a75a1395ed4a6e8f7eb739f3873aaf","Graded Assignment (5 hrs)","e0f120753d474a3b991e6bb843de92ce","Week 8: Strategy and Operations Case Study – Part II (5 hrs)",1043,0,0,0,0,0,0,0,0,0,0,NA,NA,NA,NA,NA,NA,NA,NA,NA,NA,"a959793"
"eb5dc0dcd2b344bf93cda555d263d213","MITxPRO+AMxB+1T2018","openassessment","Open Response Assessment","72a75a1395ed4a6e8f7eb739f3873aaf","Graded Assignment (5 hrs)","e0f120753d474a3b991e6bb843de92ce","Week 8: Strategy and Operations Case Study – Part II (5 hrs)",1044,0,0,0,0,0,0,0,0,0,0,NA,NA,NA,NA,NA,NA,NA,NA,NA,NA,"a959793"
"d5834a3d440842cfb49bd2ae4155ce16","MITxPRO+AMxB+1T2018","html",NA,"d2a570c05fc84ec9bd59695244c4426e","Graded Assignment (5 hrs)","4758cea34f874862a8d1ff64c421004b","Week 8: Design Case Study Option I, Generative Design of a Bracket Case Study – Part II (5 hrs)",1048,0,0,0,0,0,0,0,0,0,0,NA,NA,NA,NA,NA,NA,NA,NA,NA,NA,"a959793"
"ae627b44a7064a9e985818bca3168aca","MITxPRO+AMxB+1T2018","html",NA,"d2a570c05fc84ec9bd59695244c4426e","Graded Assignment (5 hrs)","4758cea34f874862a8d1ff64c421004b","Week 8: Design Case Study Option I, Generative Design of a Bracket Case Study – Part II (5 hrs)",1049,0,0,0,0,0,0,0,0,0,0,NA,NA,NA,NA,NA,NA,NA,NA,NA,NA,"a959793"
"b17ad3fc44b54920af496b56db8954da","MITxPRO+AMxB+1T2018","openassessment","Open Response Assessment","d2a570c05fc84ec9bd59695244c4426e","Graded Assignment (5 hrs)","4758cea34f874862a8d1ff64c421004b","Week 8: Design Case Study Option I, Generative Design of a Bracket Case Study – Part II (5 hrs)",1050,0,0,0,0,0,0,0,0,0,0,NA,NA,NA,NA,NA,NA,NA,NA,NA,NA,"a959793"
"1dc93dd0b4a4496884b7a642e928e9d2","MITxPRO+AMxB+1T2018","html","Text","09760f71a828494393661bb992ff72af","Graded Assignment (5 hrs)","7127aed6bb18457f8d02094a7169d7b4","Week 8: Design Case Study Option II, Part Consolidation of a Duct – Part II (5 hrs)",1054,1,1,1,2,2.06666666666667,1,1,0,2,1,NA,NA,NA,NA,NA,NA,NA,NA,NA,NA,"a959793"
"fdf8793f40514f5eb52be78683cd15f5","MITxPRO+AMxB+1T2018","html","Text","09760f71a828494393661bb992ff72af","Graded Assignment (5 hrs)","7127aed6bb18457f8d02094a7169d7b4","Week 8: Design Case Study Option II, Part Consolidation of a Duct – Part II (5 hrs)",1055,0,0,0,0,0,0,0,0,0,0,NA,NA,NA,NA,NA,NA,NA,NA,NA,NA,"a959793"
"134da9dee6614b159e933f632fc9246b","MITxPRO+AMxB+1T2018","openassessment","Open Response Assessment","09760f71a828494393661bb992ff72af","Graded Assignment (5 hrs)","7127aed6bb18457f8d02094a7169d7b4","Week 8: Design Case Study Option II, Part Consolidation of a Duct – Part II (5 hrs)",1056,0,0,0,0,0,0,0,0,0,0,NA,NA,NA,NA,NA,NA,NA,NA,NA,NA,"a959793"
"a0764fe284df432a93f3c3633162d815","MITxPRO+AMxB+1T2018","html",NA,"1d3da2f2b3c84948a7f7dc66546f9522","Introduction (15 min)","476998cc999c4312b392d128c14cab9b","Week 9: The Future of Production (3 hrs)",1060,0,0,0,0,0,0,0,0,0,0,NA,NA,NA,NA,NA,NA,NA,NA,NA,NA,"a959793"
"ae7628ec83c642eaa51e2b9daabc5f97","MITxPRO+AMxB+1T2018","video","Course Recap","1d3da2f2b3c84948a7f7dc66546f9522","Introduction (15 min)","476998cc999c4312b392d128c14cab9b","Week 9: The Future of Production (3 hrs)",1061,0,0,0,0,0,0,0,0,0,0,NA,NA,NA,NA,NA,NA,NA,NA,NA,NA,"a959793"
"990e9e1eaae34af38fd128bd3924a3c0","MITxPRO+AMxB+1T2018","html",NA,"1d3da2f2b3c84948a7f7dc66546f9522","Introduction (15 min)","476998cc999c4312b392d128c14cab9b","Week 9: The Future of Production (3 hrs)",1062,0,0,0,0,0,0,0,0,0,0,NA,NA,NA,NA,NA,NA,NA,NA,NA,NA,"a959793"
"49ae4fed6c184199bd02484d214fab98","MITxPRO+AMxB+1T2018","html",NA,"1d3da2f2b3c84948a7f7dc66546f9522","Introduction (15 min)","476998cc999c4312b392d128c14cab9b","Week 9: The Future of Production (3 hrs)",1064,0,0,0,0,0,0,0,0,0,0,NA,NA,NA,NA,NA,NA,NA,NA,NA,NA,"a959793"
"51998570743849d09c8854a35fd0e899","MITxPRO+AMxB+1T2018","video","Course Conclusion","1d3da2f2b3c84948a7f7dc66546f9522","Introduction (15 min)","476998cc999c4312b392d128c14cab9b","Week 9: The Future of Production (3 hrs)",1065,0,0,0,0,0,0,0,0,0,0,NA,NA,NA,NA,NA,NA,NA,NA,NA,NA,"a959793"
"5fc036d992354184aea63c6a2b129671","MITxPRO+AMxB+1T2018","html",NA,"fa9db3fc27964d149096d1907dadb594","The Growing AM Infrastructure (40 min)","476998cc999c4312b392d128c14cab9b","Week 9: The Future of Production (3 hrs)",1068,0,0,0,0,0,0,0,0,0,0,NA,NA,NA,NA,NA,NA,NA,NA,NA,NA,"a959793"
"6223568957ad410cb2ab109abb9d7af1","MITxPRO+AMxB+1T2018","html",NA,"fa9db3fc27964d149096d1907dadb594","The Growing AM Infrastructure (40 min)","476998cc999c4312b392d128c14cab9b","Week 9: The Future of Production (3 hrs)",1070,0,0,0,0,0,0,0,0,0,0,NA,NA,NA,NA,NA,NA,NA,NA,NA,NA,"a959793"
"c19b76c838684b42a5ad229ce72f2e95","MITxPRO+AMxB+1T2018","video","John Slotwinski: Standards for AM","fa9db3fc27964d149096d1907dadb594","The Growing AM Infrastructure (40 min)","476998cc999c4312b392d128c14cab9b","Week 9: The Future of Production (3 hrs)",1071,0,0,0,0,0,0,0,0,0,0,NA,NA,NA,NA,NA,NA,NA,NA,NA,NA,"a959793"
"7f8714239b3e42749cc5e54064cdf33b","MITxPRO+AMxB+1T2018","html",NA,"fa9db3fc27964d149096d1907dadb594","The Growing AM Infrastructure (40 min)","476998cc999c4312b392d128c14cab9b","Week 9: The Future of Production (3 hrs)",1072,0,0,0,0,0,0,0,0,0,0,NA,NA,NA,NA,NA,NA,NA,NA,NA,NA,"a959793"
"75fdee1a2b714e34bdfdbc1a138d443f","MITxPRO+AMxB+1T2018","html",NA,"fa9db3fc27964d149096d1907dadb594","The Growing AM Infrastructure (40 min)","476998cc999c4312b392d128c14cab9b","Week 9: The Future of Production (3 hrs)",1074,0,0,0,0,0,0,0,0,0,0,NA,NA,NA,NA,NA,NA,NA,NA,NA,NA,"a959793"
"0120d60dd7c74a658f369244cc09a745","MITxPRO+AMxB+1T2018","video","AM at Protolabs: Rob Bodor","fa9db3fc27964d149096d1907dadb594","The Growing AM Infrastructure (40 min)","476998cc999c4312b392d128c14cab9b","Week 9: The Future of Production (3 hrs)",1075,0,0,0,0,0,0,0,0,0,0,NA,NA,NA,NA,NA,NA,NA,NA,NA,NA,"a959793"
"af0046c8954e4c4dacf9446dd407d0f6","MITxPRO+AMxB+1T2018","html",NA,"fa9db3fc27964d149096d1907dadb594","The Growing AM Infrastructure (40 min)","476998cc999c4312b392d128c14cab9b","Week 9: The Future of Production (3 hrs)",1077,0,0,0,0,0,0,0,0,0,0,NA,NA,NA,NA,NA,NA,NA,NA,NA,NA,"a959793"
"6864be53ce914d5c9666940de4b4c76d","MITxPRO+AMxB+1T2018","video","Energy Implications of AM: Tim Gutowski","fa9db3fc27964d149096d1907dadb594","The Growing AM Infrastructure (40 min)","476998cc999c4312b392d128c14cab9b","Week 9: The Future of Production (3 hrs)",1078,0,0,0,0,0,0,0,0,0,0,NA,NA,NA,NA,NA,NA,NA,NA,NA,NA,"a959793"
"50b25bb6e39e44a2a311ac540922368d","MITxPRO+AMxB+1T2018","html",NA,"fa9db3fc27964d149096d1907dadb594","The Growing AM Infrastructure (40 min)","476998cc999c4312b392d128c14cab9b","Week 9: The Future of Production (3 hrs)",1079,0,0,0,0,0,0,0,0,0,0,NA,NA,NA,NA,NA,NA,NA,NA,NA,NA,"a959793"
"23ee5c05f2474a96bf9b25af9326021e","MITxPRO+AMxB+1T2018","html",NA,"fa9db3fc27964d149096d1907dadb594","The Growing AM Infrastructure (40 min)","476998cc999c4312b392d128c14cab9b","Week 9: The Future of Production (3 hrs)",1080,0,0,0,0,0,0,0,0,0,0,NA,NA,NA,NA,NA,NA,NA,NA,NA,NA,"a959793"
"c7d10458ce5c441b91376c56d31caab3","MITxPRO+AMxB+1T2018","discussion",NA,"fa9db3fc27964d149096d1907dadb594","The Growing AM Infrastructure (40 min)","476998cc999c4312b392d128c14cab9b","Week 9: The Future of Production (3 hrs)",1081,0,0,0,0,0,0,0,0,0,0,NA,NA,NA,NA,NA,NA,NA,NA,NA,NA,"a959793"
"3300940085ca4f1fba64869b88a8bd3c","MITxPRO+AMxB+1T2018","html",NA,"29ea70b7617b44eca0fdc7ec4b0123e7","The Digitization of Production (45 min)","476998cc999c4312b392d128c14cab9b","Week 9: The Future of Production (3 hrs)",1084,0,0,0,0,0,0,0,0,0,0,NA,NA,NA,NA,NA,NA,NA,NA,NA,NA,"a959793"
"f779419e25ff4add883ded2b21d75e8a","MITxPRO+AMxB+1T2018","discussion",NA,"29ea70b7617b44eca0fdc7ec4b0123e7","The Digitization of Production (45 min)","476998cc999c4312b392d128c14cab9b","Week 9: The Future of Production (3 hrs)",1085,0,0,0,0,0,0,0,0,0,0,NA,NA,NA,NA,NA,NA,NA,NA,NA,NA,"a959793"
"68b3713115dd4c98b9624b7acaf64860","MITxPRO+AMxB+1T2018","html",NA,"29ea70b7617b44eca0fdc7ec4b0123e7","The Digitization of Production (45 min)","476998cc999c4312b392d128c14cab9b","Week 9: The Future of Production (3 hrs)",1087,0,0,0,0,0,0,0,0,0,0,NA,NA,NA,NA,NA,NA,NA,NA,NA,NA,"a959793"
"fd9acf9edc0841dd8604ad25eec01a33","MITxPRO+AMxB+1T2018","video","Perspectives on the Future of Design","29ea70b7617b44eca0fdc7ec4b0123e7","The Digitization of Production (45 min)","476998cc999c4312b392d128c14cab9b","Week 9: The Future of Production (3 hrs)",1088,0,0,0,0,0,0,0,0,0,0,NA,NA,NA,NA,NA,NA,NA,NA,NA,NA,"a959793"
"d75c5a25b091478d9e5fdf297101562d","MITxPRO+AMxB+1T2018","html",NA,"29ea70b7617b44eca0fdc7ec4b0123e7","The Digitization of Production (45 min)","476998cc999c4312b392d128c14cab9b","Week 9: The Future of Production (3 hrs)",1090,0,0,0,0,0,0,0,0,0,0,NA,NA,NA,NA,NA,NA,NA,NA,NA,NA,"a959793"
"97e4ffb46b44490381f4085e55333027","MITxPRO+AMxB+1T2018","video","Perspectives on the Factory of the Future","29ea70b7617b44eca0fdc7ec4b0123e7","The Digitization of Production (45 min)","476998cc999c4312b392d128c14cab9b","Week 9: The Future of Production (3 hrs)",1091,0,0,0,0,0,0,0,0,0,0,NA,NA,NA,NA,NA,NA,NA,NA,NA,NA,"a959793"
"84d243bffac44731944ef5f1c914bd2c","MITxPRO+AMxB+1T2018","html",NA,"29ea70b7617b44eca0fdc7ec4b0123e7","The Digitization of Production (45 min)","476998cc999c4312b392d128c14cab9b","Week 9: The Future of Production (3 hrs)",1093,0,0,0,0,0,0,0,0,0,0,NA,NA,NA,NA,NA,NA,NA,NA,NA,NA,"a959793"
"583b77e74455472aa7d00ccb022c2204","MITxPRO+AMxB+1T2018","html",NA,"29ea70b7617b44eca0fdc7ec4b0123e7","The Digitization of Production (45 min)","476998cc999c4312b392d128c14cab9b","Week 9: The Future of Production (3 hrs)",1094,0,0,0,0,0,0,0,0,0,0,NA,NA,NA,NA,NA,NA,NA,NA,NA,NA,"a959793"
"036087245479445c8bb27b527a458c34","MITxPRO+AMxB+1T2018","discussion",NA,"29ea70b7617b44eca0fdc7ec4b0123e7","The Digitization of Production (45 min)","476998cc999c4312b392d128c14cab9b","Week 9: The Future of Production (3 hrs)",1095,0,0,0,0,0,0,0,0,0,0,NA,NA,NA,NA,NA,NA,NA,NA,NA,NA,"a959793"
"59621af3ee024470b827995528789ecc","MITxPRO+AMxB+1T2018","video","","f0df3756eb134a5b854caeba4d3dceab","Charting Your AM Journey (40 min)","476998cc999c4312b392d128c14cab9b","Week 9: The Future of Production (3 hrs)",1098,0,0,0,0,0,0,0,0,0,0,NA,NA,NA,NA,NA,NA,NA,NA,NA,NA,"a959793"
"1dfa19e8aed54c5ea2ff7ea7a6b0368e","MITxPRO+AMxB+1T2018","video","hq part 1","f0df3756eb134a5b854caeba4d3dceab","Charting Your AM Journey (40 min)","476998cc999c4312b392d128c14cab9b","Week 9: The Future of Production (3 hrs)",1100,0,0,0,0,0,0,0,0,0,0,NA,NA,NA,NA,NA,NA,NA,NA,NA,NA,"a959793"
"04917f61a8594cddb0849008803f37aa","MITxPRO+AMxB+1T2018","video","hq part 2","f0df3756eb134a5b854caeba4d3dceab","Charting Your AM Journey (40 min)","476998cc999c4312b392d128c14cab9b","Week 9: The Future of Production (3 hrs)",1102,0,0,0,0,0,0,0,0,0,0,NA,NA,NA,NA,NA,NA,NA,NA,NA,NA,"a959793"
"b3ae041c932a45f7b2140aa1385086fc","MITxPRO+AMxB+1T2018","video","hq part 4","f0df3756eb134a5b854caeba4d3dceab","Charting Your AM Journey (40 min)","476998cc999c4312b392d128c14cab9b","Week 9: The Future of Production (3 hrs)",1104,0,0,0,0,0,0,0,0,0,0,NA,NA,NA,NA,NA,NA,NA,NA,NA,NA,"a959793"
"bfdcc71b035149749d2febc1609b36b7","MITxPRO+AMxB+1T2018","html",NA,"2c093467e9d54014a0d4f00f7abf931c","Staying in Touch (10 min)","476998cc999c4312b392d128c14cab9b","Week 9: The Future of Production (3 hrs)",1107,0,0,0,0,0,0,0,0,0,0,NA,NA,NA,NA,NA,NA,NA,NA,NA,NA,"a959793"
"5b42266d225e4a83bcf7833af7143417","MITxPRO+AMxB+1T2018","html",NA,"2c093467e9d54014a0d4f00f7abf931c","Staying in Touch (10 min)","476998cc999c4312b392d128c14cab9b","Week 9: The Future of Production (3 hrs)",1109,0,0,0,0,0,0,0,0,0,0,NA,NA,NA,NA,NA,NA,NA,NA,NA,NA,"a959793"
"253c3d95e42f47a192997f25c3fd5881","MITxPRO+AMxB+1T2018","html",NA,"2c65103bd7354b0197b703923254f20f","Graded Assignment: Reflection (20 min)","476998cc999c4312b392d128c14cab9b","Week 9: The Future of Production (3 hrs)",1112,1,1,1,8,20.7166666666666,1,7,2,6,6,NA,NA,NA,NA,NA,NA,NA,NA,NA,NA,"a959793"
"7d262be6d9b74836b47447db1b70289d","MITxPRO+AMxB+1T2018","problem","Confirmation","2c65103bd7354b0197b703923254f20f","Graded Assignment: Reflection (20 min)","476998cc999c4312b392d128c14cab9b","Week 9: The Future of Production (3 hrs)",1114,1,1,1,6,0.666666666666666,2,4,0,6,4,1,1,NA,NA,NA,NA,NA,NA,NA,NA,"a959793"
"024fed17849e4d60bfc86afa47ce9cb4","MITxPRO+AMxB+1T2018","html",NA,"9852b66b25d14ec0b379bc6532e1753c","TEST ICONS BETSY","4022bcb994a3447a9c609f4ce5bd9016","Welcome Boeing Reviewers",1118,0,0,0,0,0,0,0,0,0,0,NA,NA,NA,NA,NA,NA,NA,NA,NA,NA,"a959793"
"310ffb4256244c479b21c14cf0c36fa7","MITxPRO+AMxB+1T2018","html","Instructions","48c79ba223a744da8b90de81cedef224","Beta Instructions","4022bcb994a3447a9c609f4ce5bd9016","Welcome Boeing Reviewers",1121,0,0,0,0,0,0,0,0,0,0,NA,NA,NA,NA,NA,NA,NA,NA,NA,NA,"a959793"
